68.52173987368718 214.1357165845859
127.36071312321343 208.71980361934186
23.79188539877508 375.6031588871811
63.40005118459541 148.55647927285034
77.16083560177611 441.13655061416364
137.29480249932573 131.71106127981616
104.2219352459611 443.10540781281424
4.904689551509222 518.108358615057
78.41549866037052 255.55760037097608
46.27175673368815 500.0776382126169
145.2688700825412 524.4065394369725
9.507428960202617 380.8987950283687
96.34915749892899 570.2720690494018
1.6657290662131885 535.2984627819147
70.11346315151832 338.9094005918021
102.63236579781818 483.12170394769856
57.86103354198147 59.723306660437345
128.8397456838195 551.5568395421529
72.38259873761069 411.9775716954637
68.78210748341601 589.6528010063122
42.03090390526296 123.53758870258984
94.57565199829838 268.64597758213
13.839268279692448 282.3873866722204
144.11654750664155 73.12734867016786
149.4159463686663 554.9800118460754
61.93749022233334 220.9965637348115
62.45665873493863 508.96135872005794
45.43808194619608 69.5023469460637
121.20904520165735 434.1724668706887
102.69507612911303 576.940725569055
51.65254571378206 383.4500342646867
92.74354030522693 588.5079414019881
64.71733098589701 575.476636192729
121.18742890987699 194.51247163509723
35.358946705372816 123.46917938230885
59.84297107438607 183.06363935126976
98.77783679524622 150.0283809034715
121.00981534048114 515.8236589145631
124.55299166652918 110.77690134603091
87.24540778366901 162.71825373478364
45.33858234180555 447.8211891228142
124.54277257541992 526.4772173378752
99.47727136646735 327.8563850530973
30.241036292489937 90.07456594701043
64.34652966862916 378.8160668127637
115.78443226898304 125.02534386710357
55.24367256623793 94.97794439926137
126.20794497837707 293.589342475256
115.34353388567817 241.15607690279012
27.51917337348351 517.7830469506802
88.83906287323671 111.90692798545253
8.530195409332123 269.6928399796464
71.15116725012274 449.07836538797517
100.6917568245311 129.64199780173476
36.223419461538185 156.06870182706618
13.47080182138778 352.6350412181214
0.767001103689779 53.04758592355887
146.74484061679055 488.89478941101254
131.312894491742 297.6012968994349
20.24116873463265 325.2953304737835
99.83794107475634 423.9637371168246
66.09444450391263 400.39842000074646
98.83380090166135 212.8853473336374
32.494587411724424 6.751697936731871
72.12086992706412 86.14734851412751
75.0266624703518 286.1496478296065
4.510511576286731 560.3252773763828
83.78963711730596 216.08109223560888
108.29983420232435 485.2309922260669
134.62260319916848 426.4588250369255
61.492201042650834 437.54919832724136
64.99387822951178 318.36291579036293
17.643376324530024 89.4552089884015
37.3571317850643 217.56903929374394
40.687259378591165 335.2811069362567
5.6718759840585165 172.04913525878948
105.04653389088892 188.86123760372294
102.33180094143309 2.061196851553637
12.226832081648269 496.2809536181935
123.99086674927833 379.5318997398894
5.919170214410158 452.02971566962407
50.55482437883981 544.2837996993584
148.311975143175 10.313779154155544
30.289326340595522 153.10295756040878
1.002432004393711 405.40241252495616
121.06797629117592 13.223462314186897
13.55117770614747 272.46295083215244
133.88360899740124 365.08285698214917
0.10949657110916178 313.21701305823973
9.479057138002617 70.14041637985393
112.8205416648892 212.37989737236168
10.376786649348944 157.00338529231445
46.80723528772093 380.4022470593711
121.1789682512822 568.4489743492559
128.19314517625415 295.62942676494697
52.897754176104556 136.44355378455913
28.379708799351093 472.25896401093837
63.57980900784301 449.43141935199435
78.41146570237925 313.642709309555
134.18845493175098 215.59673574000652
36.091553295763035 407.1159396324428
96.88058820142571 231.0318058252768
111.91099034969184 443.66468905381595
123.53266026462126 353.05634610169983
104.02155501595496 385.3095424778546
83.81722412121141 236.90735780272058
0.9675907317989498 178.5224873950294
1.75314937826856 288.7419502431715
68.88218697461656 498.4578952222781
69.20780804876699 196.17042835478188
55.408196422870844 381.2020326196727
121.2740977219348 274.23514808427814
3.800149932143384 470.2335275235415
84.2992941474514 163.3807877203394
53.34912721196034 312.3415901643339
16.71049791877479 508.9406013092597
118.37162954725821 261.94708498098254
137.88442399209606 485.2431643861741
0.5292500314059367 218.94038530396074
6.14013217693487 291.9638559303586
68.37602827148586 565.9305155216621
140.48631459412283 163.8343660623079
80.71211952976108 324.7843988987158
140.71049667499778 111.28339790092797
105.2506614792263 208.52176074216175
84.04104312860328 501.8939695997783
118.15528420896253 400.0917214407235
116.67058373222861 163.58096043183477
88.24829551799189 531.1110967811603
71.48963965215012 58.0389497182112
68.19369758745671 489.8678263783393
23.30638180670357 84.3049651719866
19.481400069045506 388.6789000182773
145.04487361446928 113.3607280230291
54.61404993777316 442.91852748209243
30.892774741318078 376.2088994721457
19.419568943489878 473.86523869633277
20.251015535728243 189.85364632576832
32.648065387139596 404.6762073828448
44.66084836205171 466.6501499675527
40.25849528846207 303.87472876929394
134.40175419705665 156.35447049956716
77.54948194512022 533.0761488594825
74.61412363188492 97.65474763994241
148.68411956956464 397.55949116413893
4.227426676388205 297.66063903948645
71.72812003213346 445.86080228747795
59.75927651811068 135.39313367985443
87.06785944687437 332.2851343630948
110.50273471447008 245.16406308134955
79.63269921228887 481.0633911322695
52.73121289503676 187.95632366669977
60.51558438402779 117.46409358704386
16.319893753629586 479.09495324925314
25.96986509522516 265.8266610942196
147.90373902704306 154.53393116878706
106.83164307406422 476.39111546430854
84.33774490485145 336.22070449040837
12.65353041758108 28.002858448116186
82.50291214133176 151.364491944569
130.55845142574566 52.019304770397376
3.370264639508733 198.55887074930763
31.793049675160063 465.220325594941
121.14399306743363 498.45936646347803
27.156840208055172 559.3246304670282
3.882780996456603 64.9879399053545
20.950826632810916 301.5434272335488
45.62247623542248 167.3859710972637
130.21886916940082 532.3242212438997
2.9849286736496765 113.58942288511227
38.027196606137096 32.03339403705727
48.159887392394054 63.67880331757436
127.24979904025464 252.17879822144752
44.54790312754005 225.4243118427206
99.21749554099384 69.15472186304581
25.847443508857822 245.2599703449311
123.39846938196177 248.66333464831135
66.6052461116241 544.3412373927295
115.42469689823452 577.1580001282432
45.27489639628162 250.4316724674083
44.73760440907985 572.5515973262684
106.27192202750433 435.9422597520095
61.629448429050456 203.060292261526
5.615726151847454 577.2409068107265
122.00147471975806 65.5926179472778
52.316149027864995 268.0400343334941
5.853045747176154 539.7839957385221
22.919167193625256 336.64714815776307
15.884869423144806 169.14169606972595
11.587265693083523 212.4191525697265
78.01630171376661 566.6854978005363
62.076700369331576 517.5677578570538
71.03784363034481 313.4794543459975
120.84938941102209 4.141367704533971
137.43285830353744 18.17009038610373
145.56934627541682 283.6568064811506
134.47106675384288 553.7416637629684
130.79863225912072 554.101670325349
22.484019444876964 351.88596370712224
45.171274210987434 42.20783879700232
31.939151127281747 126.34580017370993
129.5543899420997 392.0658844749857
112.05575138860138 406.49426947840334
134.90169602510883 169.2421725288599
111.36945166882558 431.0890427371247
140.93962534122954 168.1677357040079
61.88722009023144 194.0608370854756
4.3147481552286 10.027916957484084
2.8733455781598423 482.0569289305117
142.72860727149103 418.20853916817316
66.9065893337382 366.6366451816007
44.12591275115432 9.609274807094547
37.33648091092462 3.5193944770612884
69.71932012875786 279.8432546561773
105.12630587216107 101.3769776616675
128.12603235725993 142.71800270174182
34.92283577278074 568.7179538144431
12.046276244153631 526.0856214754479
70.24296075248046 114.29455495948552
34.11177465160145 476.0918230431856
7.200288108165395 404.01015999844304
29.077969919974706 332.7048428622497
48.05805360337699 535.8516503972432
30.888634863195733 585.8525980298864
123.25178226935698 152.71094749272058
99.47976703435535 472.7065960669247
142.1904886692421 491.8431580353524
45.89258476330663 150.8191841030348
72.68725715332607 410.1386606544833
120.78529476938597 120.91899262852644
142.36132238971524 571.9024327152783
140.68813562952954 3.8038587976882976
45.064881402706334 145.54339036024078
108.79380559731324 465.39193039373
46.747063839663326 181.27743307388263
136.40813126508135 251.82551734326964
34.439480267905395 2.943604497392438
35.55553467771685 57.35975511145843
65.91108415795881 520.6858471069639
113.04718703468113 470.1938667303281
51.92708440875157 210.1521749657244
126.47511075272848 224.79763587186903
108.49406024691272 274.0462826709148
28.060686939527884 576.1293902825896
121.8042187161027 108.76198925924673
79.45812340032978 326.5263115211885
76.26407786851533 190.7105071546504
57.031707525456255 191.3793572002684
83.5210591253996 592.5979492489023
6.356283311012774 160.2916447542817
97.50837773436999 104.52695730935784
68.57836453029941 590.9454635543506
28.975086987275702 560.2945551532065
142.14657394992582 356.35817586507306
23.5114967379308 288.0851823535373
33.86613756476142 343.1251781256975
73.07294740529002 472.5124886927056
136.2475784378331 144.48021124478313
51.00354304627396 429.36348205195833
144.18478994073615 321.880439773136
108.16658032535962 531.5382120844251
11.71579349346915 13.826636607386922
104.61983237932638 594.2247431913381
128.8411655408462 152.0646235354985
39.17528920737642 22.681683307153968
38.81424030086792 385.6173213098669
14.044061253086966 238.75583855597012
31.29485719947246 111.66054284951723
141.3152035054398 248.66563529395387
23.77548914481723 120.70201729977126
149.2099225295156 592.8769307640795
90.1593712515114 56.233351223219394
4.457509227868755 505.1844813799878
47.98164881658802 54.294654578688096
102.70564276340995 140.2374962431026
56.80016512456484 422.7742270240987
145.28329465495432 19.726374897827913
42.19910304023166 379.89232158636787
60.43410498315217 445.29713025240324
126.70373066971484 75.26476615175824
28.517243991548526 104.17065936201071
125.0646025356337 66.7862123224521
20.88234348922603 115.73749787863467
77.71451257204617 21.34020349307397
86.14376329670054 276.75950539324185
115.45693674590667 437.3659367549524
20.766776785968688 139.100030058958
115.51975007202249 44.57075800643897
130.6025077474031 72.50922382447482
64.79700046730542 128.41119993441953
18.32249723512119 68.60169858564858
123.97523819932756 273.23690916151645
148.09489370949328 128.07620721063964
25.890380016545095 166.13913329287934
68.3075722578815 481.67014047424607
92.06740101776475 501.40034848340804
46.8066125268051 515.827608529682
137.5522886339277 50.40651424817093
24.339670207361863 578.1886495360707
2.486520127943095 455.73557702366867
1.9003384336496936 44.73024902033469
13.703915839320672 490.30713612212816
52.30158120705933 194.5892338340205
60.42362370414267 283.23741788592895
68.72543878331325 302.38962498235435
124.90942760713722 408.2388283814356
114.28018771192961 67.23750094671455
140.04636424008362 138.66404454145473
99.82144861663116 289.562954605106
96.02039953319957 366.98994096937633
40.32852235512833 236.3981146830492
47.530324423040355 590.6197182104403
134.08021999771032 453.8520058121666
99.75415891926316 154.25408522496724
108.75227549029529 556.6862047237781
140.97300995815928 15.583987640887242
129.0039552961993 66.18911497272104
22.354460250904054 28.127562647783442
111.36266395157058 588.639030343049
26.455723844906714 371.522912446622
58.10326317235004 499.8946828766824
84.45066421727905 297.33837815514755
51.126450734871 48.55943971354728
23.604113074693146 349.6076059885218
75.32109575710187 99.68885381731745
56.04335377753921 224.14671468012568
130.98889717721823 401.5914218579726
52.39872419464288 197.6900487097797
24.151619212825622 588.6053495244619
67.26752457476675 461.45420791779117
83.14067400914695 225.84000014669556
140.19525745658393 529.8915072394037
21.49641862377993 389.3466806244899
19.620486899963396 240.21809782142674
72.59976647885355 183.3611300419666
21.494410957184655 313.1171869058967
32.89503408937695 461.90960987460994
145.58094892928767 545.6510807285582
130.51481904241763 209.24569445509587
87.26456296109846 420.7555588005047
9.555502735304671 303.3662764050349
33.083023685567525 414.4272696537519
28.26176155980542 181.8062823043571
113.6175917594859 241.4601405222864
118.620209400884 223.1602608645638
105.74077316282643 515.9593659864671
50.32366017994775 577.2251954708686
34.48973989735221 84.70029134443331
4.853044994074267 101.22083520916094
74.19147098356777 162.73106440076185
140.89799194173298 365.6583219044668
103.03737114374667 188.19146745563026
129.8846050491295 431.83115878904147
139.22606620552864 466.7856248304095
25.88020496480398 362.1802605355624
60.524491163025374 91.24040337477699
147.0014145717804 227.7622203007993
143.01744263793432 397.77337492116555
30.119408699822245 225.5748945112998
96.30366600607111 524.5461209852078
114.69976326509814 356.9503469159981
36.43800629428726 91.46320787077333
112.36918954481423 121.93505966039469
118.38042068357248 470.19346542801384
8.087693191786741 61.38979561754261
46.061370137598104 421.4536203180124
139.16984684926092 244.6863684136228
21.934682078700163 335.83405519554873
94.12026783507551 432.3688695495468
7.747020650111267 130.5285797591658
139.36467227475384 437.40773255168034
77.6718789373416 50.472136057055735
58.37356143797709 50.68688977168732
70.72084551777198 529.746847808661
86.50198108482171 489.8996674563091
128.17466795051644 179.0205813650062
120.19810920198343 434.0174595031199
147.80592111918827 82.23868983960143
79.7106076686478 357.078283551538
61.74809463511059 320.1663007477378
19.958318690042447 44.4493825968437
64.31505888478847 218.95062826363645
99.0092032910306 176.84593074988084
83.41820811218649 229.88598761881377
48.66890854053655 401.42018463305544
64.41959660846342 528.0584435549797
23.267267636418282 490.78095040267993
110.11533325380941 86.82039332540414
131.55430600273758 579.6483525545996
46.37138424624112 244.61458530588044
128.01497726641384 555.6955589809178
23.55565029162399 48.196771871694885
121.8937638994487 71.41413468509211
66.37572092165908 221.18614201347077
135.21939905499326 477.6802008508097
111.71195361530175 475.9682843292974
105.56368279105354 446.71285169102725
129.22665511332937 129.27328128178183
38.764303010998916 581.7516951113554
108.0063734994493 400.7410209258363
55.85386068901428 409.905822272936
73.31933371083349 497.54890322353816
78.96668921008731 37.6535089096784
114.88266624595744 420.8946937537754
64.96036718048143 424.290380483875
10.029484909864195 537.8505718337066
9.492285204116314 87.53340497637008
134.97294211775028 422.2890008229309
141.93637563535862 270.5355661172337
66.26873656005517 211.03206259045317
92.03034271945171 594.2676529645529
90.15700625755784 427.70030581346623
28.950653257998226 311.3427522110834
84.45776636016141 201.82018103689882
128.68313124941656 421.02094359502973
61.22943093102998 370.8052891240165
119.09530987920621 556.2675712858891
58.78588476960206 104.83795187303595
85.6841297142025 270.66398666302405
51.10979239089181 575.4124804704384
49.964396721803766 329.97111071774395
12.990503494953245 392.875266955893
85.62901051724714 311.4552017965737
23.658770441723362 262.4049052293982
96.14802211009638 490.9150925469025
109.45598938169502 43.97099040067902
63.48814565819231 205.83014761423115
123.43719275455467 219.9550903049415
36.759743138894834 476.4788098737692
48.22807087639214 338.633253775217
111.41523982747336 375.70394693598195
12.680356694987609 219.25835042347865
81.64111644038083 369.56171879665163
111.52630914094172 570.5800893269945
3.333410604828586 370.37842696562154
121.72817969200783 86.91836643949303
130.36664650185833 211.9018775691514
77.99864066066434 212.72476375757782
103.3088900056352 275.0690669279848
50.8961020229151 199.7016676576034
68.90872247386528 117.83660287237268
94.67168609583916 19.423417935434205
51.587432875077766 76.37788082795507
0.5604813519347971 23.72482932517961
147.85863064597783 61.66981780414067
30.54826512126604 595.3994954863756
85.04466164488474 55.18162648462817
92.00697390692213 196.64492208575396
113.02660402069802 157.28778460023875
6.374875192379122 349.60451322347785
124.49709976746169 118.42069109234816
23.50731770840477 197.53251727806241
103.49145755175105 448.9627475386499
100.93708472181231 41.07620705814441
20.71624313817543 104.03744242031962
5.2846306834502315 402.7685079670029
100.26071103726048 8.05446202517832
94.53213953447363 162.79686149882411
77.26342148968193 12.402926424939874
64.29931309950709 6.863508774596649
49.74348319974712 140.1706544332199
12.922230892037874 293.7533774805881
147.03817152920556 153.06728567374964
106.58941812739432 423.67277185289987
41.31461619175657 247.09745159278685
15.779462858315085 201.07806487828418
145.05518722456043 326.32793961732744
2.2760825065603 12.215303221177386
16.646714480592905 345.1717268520781
47.66816846361763 256.57916308816067
140.67499853535705 429.42957710604315
135.13560969112717 64.57174587381193
42.3796181684924 109.72619270183364
112.91842488276697 220.7151150274712
35.69722117403886 303.96496984238945
88.96551505452813 282.1931737214861
42.9132927332234 396.721468056486
70.58947018541772 379.3759045567452
2.629909229680777 539.641746436492
101.73402502350724 77.79083710396044
58.79973055418196 428.78267640411275
110.71307602692046 257.98680280405955
4.376364484883936 298.45660331073697
104.40698118982579 328.3342331355079
13.326792761077499 15.252982150004325
111.9454432297805 504.47167989095396
82.15439474219002 506.12101851332943
40.22054626384718 135.28054833024152
98.72477396529047 3.4497389967412806
9.178358658334304 236.73226311412466
34.08354617969874 557.2094076393296
141.93917002461495 354.078818378737
31.23748678092531 78.49510562294351
106.88080995227968 263.03476410903284
128.74361143906967 510.3438297549554
87.8042677560135 502.7229065852509
61.12017517379914 68.9069709066083
19.96043041892608 265.1558248530955
149.5602387871888 213.11347024737836
15.72825942458843 582.5107438628964
51.924420245720924 172.6811021647571
64.57285257856361 106.80210273863085
92.89456925864472 54.7706789229736
32.22703470349499 581.7492269746086
124.89752939758759 440.2307205025208
78.54831461783061 268.8415104650021
69.99970133083141 178.39223866863466
127.4910739718946 492.2640806201831
4.983304272506672 114.53585536339439
76.74429390740055 461.6817587126053
128.65189820824673 178.164620059519
95.66393911687265 471.48671386265335
83.64009448923129 318.2012897655114
26.63584357848798 508.6195592944852
139.57616466077343 597.0708242482876
142.94438018993088 497.4882670745196
31.799643369695318 195.2616237311752
4.871610785266853 134.7326441207401
130.067839930027 325.34362060691814
132.28371480802087 220.18100030693154
108.49875285455249 345.9663127015065
61.324474050010735 347.01688986931555
121.78905365444096 353.8946951778913
54.102881934079505 207.8253803092523
76.33783061705941 312.1573728119991
23.887977302248473 121.10884959335237
148.66784460434292 242.2734677864704
144.15213432985047 6.712243851391886
43.008235168776196 34.052605769745426
148.4797343678162 442.4721570246865
98.91440379544795 408.3978280095161
147.1588377933143 538.3483470178478
146.79393852227557 165.2772910423026
129.26863382764927 561.6615014916424
20.590496455695032 348.03638924135043
13.944465498810757 552.268417577868
47.155667714159776 132.19699723901377
132.66353799432943 216.6371014011348
149.60516354733338 165.0664337905631
111.2562245579868 9.902325631655561
19.40312628060633 46.972219326944575
90.47164433713391 428.6698745825887
50.23371362513542 588.4462002328169
29.830072477771765 93.58450342785012
135.8353857061451 404.38162805546494
18.438265791018026 179.35825778487126
5.656371115132103 178.72078569345155
21.672195247488858 556.6682595389801
105.49289880437415 17.57057857843616
128.43478538842302 310.77199631692565
132.56611833751487 280.7366600370757
133.46674492149458 254.44362029663995
48.75972966312541 369.5197524393005
148.8414704992569 151.47447683407722
43.027238524700834 569.044667267426
73.38643423460638 544.6531799654164
89.26697608284287 189.36121809128517
3.694282974258485 311.2387974191856
135.98926831084964 472.57519836787515
13.057708654656835 184.78778014907095
90.77241346930467 382.5353261362076
106.97810113215007 119.78103969954765
28.586994747375527 76.5191138171526
57.2710567250991 291.5528072841287
67.70968244787645 107.92816893295011
113.36450850244545 46.61402400776866
101.03528427518955 582.044886967035
67.32649100809778 225.9113884078256
30.18908330570136 529.4645740714576
90.29243632780631 474.1689696692336
142.01962250066236 376.132663216031
84.1840238053257 121.29558564893247
64.0493794658056 330.180170286994
14.036170592637305 193.62357883846923
138.6283552847884 223.5040606916884
76.17878086744457 359.9727349035016
4.922684612847462 105.8305039325373
8.23184490129043 449.37662596209043
137.26988220762098 567.4831439936917
12.631177809333693 167.11915170833973
85.88075843640142 510.96993884321256
15.715521514698281 63.83981957248124
142.31562813701896 249.88716687224812
76.10307972716512 29.974534946691733
105.3484180502052 425.7249265548747
37.65523359854993 187.93757780666564
28.767707968965766 273.5984183755343
130.94759814713754 259.8166763458798
1.096060392268285 410.82064761578306
89.80209019451934 297.22846299421354
47.174021707745865 241.1862222896788
62.27174274160805 358.6930954280179
75.76274020062893 150.714201982908
53.77893423067033 306.6430992830859
102.91386149362395 9.191284603627526
62.331790630345665 346.0679492435073
32.47058079449948 587.4516044006209
58.85270565104008 465.93116457636404
128.25999865584987 463.913560559916
72.15369180756858 363.5968736937255
92.07556175977695 287.4403547858495
38.17680374162124 323.5472475741495
147.41690244783024 446.51363495172285
26.694538914856935 170.38065222311567
67.3485440197459 478.37641006551587
18.34923817612409 278.53213983953054
67.98022566294495 27.347922596880323
99.51853137926149 481.79628762636
38.656552486633885 500.5745194004071
123.15274366164158 196.1453069392752
104.41766944384592 137.48001546081935
9.302547727211845 86.91413768375891
4.674584437196472 544.5262247844548
71.77519262214739 592.5044226040593
62.920272210742326 527.765449589194
116.88821917408859 413.19996545750115
101.70634925221681 361.75701822522996
116.5764668803836 204.5253501770517
86.187014948162 581.6677968331946
41.344264594529776 8.06858304154574
82.52438976037 550.9707604795102
