147.71516462294628 169.68132232771188
126.62982262176759 545.2342858484972
115.81477661230196 307.6132494200787
117.79361673412356 434.0498901857837
111.58699073058574 139.37183117535793
37.85619899257682 251.6340139662272
92.52586317104416 53.94225777714969
36.61617270921191 217.44858737480462
1.179821721249695 179.8915828104696
43.86196513022523 513.2641583550774
54.75842971255591 35.064656646121236
43.11207588259914 575.1584424872799
138.19583267740808 577.2447373347027
48.69866939470636 191.02658698750378
109.14912048378824 142.66518538093806
61.989384527936096 301.9469864299142
149.21216093490176 79.69929178079407
98.12070447659181 411.26069859592207
116.8348008245849 263.5561683563546
33.92887863410077 315.4745179548094
77.82645986703673 11.237276709971479
136.1983492346798 208.26902170501836
134.15482697159337 593.1049638544486
122.12963409904458 228.59909907686477
115.98385608759077 256.2106639037531
139.294707501225 312.36209995312714
100.22484132885951 131.23453961271687
75.60031126857257 208.72796514299563
19.891367702842572 303.17159603657063
65.95214507874837 266.0028940379954
22.318962417479938 391.24453150227873
134.3604030043717 240.8169330549671
122.89754156335606 556.7363489548261
90.88269704957148 423.80129011246197
89.98823769248658 101.58556885519046
9.951875422080718 311.4587403928028
146.32176950053048 429.7536517927416
92.14546091198312 313.40894083492657
106.50515123587408 519.232825918081
122.34925030792382 128.5871069722241
27.879146493192707 202.59027078280644
101.04958862508626 566.879648504185
60.85793649207196 32.55877870536479
73.51985276132433 263.28202697739965
109.9192627489963 316.8703225531391
115.36741954594436 242.48253018098274
37.48081386061614 116.3815199662637
139.02637551103768 315.726109531489
74.47091880567845 290.28412932835795
2.0971466094802196 97.55010393225258
132.5002356864133 295.1987160154901
43.96690171321012 190.69815640351425
52.61467185899605 540.9801007606503
101.71906461302619 576.3358661083598
44.21554496007482 332.5756926626233
146.4146679729463 385.98559854978083
98.6240299928258 346.5261977609248
90.20183837765025 516.7234630169748
77.80860164696321 292.28932945807986
23.572631606519735 557.904142220803
60.88586077310541 440.99118436774376
7.506106561347906 370.97794422900006
51.707953897322895 550.2867748318383
120.3184999698143 391.34514232407633
59.53132338090532 440.9962219835951
9.801513969970358 533.2877530349746
136.41857338836104 490.7500672354383
11.833604186093623 509.6128224205262
24.643248324126603 149.6361481976337
17.72280797069429 583.9266158285403
106.45502926964622 514.3646135375392
115.01044960360261 381.09833217204596
116.707700785029 177.77620388225358
64.2575838641352 357.8748957470055
76.22608552786416 41.489221885839854
52.81671244878703 143.9075593064955
17.86874060005465 139.33092958573025
1.15805868273371 346.86946839550893
101.64498164261913 509.1903053999865
137.14121093206435 52.75118906196927
96.24886818571792 397.56190777572465
114.86573536315339 530.2140373538355
49.18793989805074 322.08480930709845
60.204470002761155 94.79375634909526
64.74993882126262 534.699424928172
6.1108567849899345 157.01559441791602
35.13968210600018 21.646083997547038
60.41165223241052 534.8178156067762
79.50675063776367 476.48011914465815
97.0396286551217 412.58512590762064
114.23736424432684 475.31093801679725
94.16127792077612 428.91132366892884
48.78485711941924 63.37164308126253
19.073225021700978 127.71883701598622
19.609535527414423 342.46649228356154
147.50902971200168 155.47368703797474
112.17092119333863 150.5794374010978
97.66121777323109 352.0130438086656
35.145861156755345 233.91234406834897
66.27136959264388 154.25511570127566
40.02302640353447 310.7815217170513
10.022611896460205 472.03741842886274
68.56934325184054 497.7476760747972
46.96605532975802 236.33891573992017
145.58566127201956 451.4744405313178
23.54414550387108 154.45461733123872
145.4370871077801 522.7682774560892
109.48019102378004 428.2460826819087
45.88000014723987 177.80726773156118
5.616990723282527 348.18184990438004
59.21491191256274 251.8071567137677
34.729703797274595 266.20725630474965
6.384450006680581 192.01052431246055
84.86104954861229 184.33193484645528
30.34124830982593 157.74658514289905
92.26336143035303 468.89972291381633
18.838069528221368 585.2729312457961
122.0361788218172 28.88833229038481
83.15273439072945 160.86777347286474
39.18923535137586 30.069252992868535
138.89029343572514 332.7505188622893
7.0209311946848345 259.93460755429334
21.479869873810472 306.7551371114509
98.05616020776007 28.66229826734341
139.75369985857634 78.88053291802674
66.09605439469232 131.6457021268479
141.59259530422202 219.21813750646132
117.31186320373025 294.03823782137596
77.91868658276987 515.6424022776232
130.928457177564 531.0505948180373
95.87395900567263 67.17485370390752
71.13603845456922 286.958730296747
119.02233679470396 102.26747588033838
77.12606018069671 481.1999707994688
74.75532209128522 67.87241834781885
39.61168380924505 537.4161657233924
34.728792155112416 374.73459337228536
13.558867543228104 503.0095978105721
60.81900626022477 62.70026403463351
19.0112695635425 598.3867845905197
14.704323523620332 101.44610131094716
34.92252522931361 123.76801424517384
61.29026787211586 118.82432673216678
21.271080403524635 289.46666965203354
101.06327919473665 304.59170694406265
26.252920864921848 15.246422461710774
24.261792574875514 274.4473175888738
125.9658257116379 580.8495845438451
144.14899981266188 296.73430473657254
115.3832986895811 583.7906537420329
52.87895671119223 192.9894355038617
74.5896459228253 472.59321249344373
126.00975652721475 205.32730231661003
7.662016181051271 564.093453459556
126.7244353416761 233.14586674961834
129.85032962860964 242.35949920625742
36.470724498788925 257.4124272483733
9.225979479405211 538.152868910979
119.4703184213262 246.64183346268635
1.1626597188018053 474.62082201949096
6.1544366086714035 126.71002035236776
145.8232996628604 592.9944446888336
27.904501815110976 135.35419419215427
14.58182231937208 348.4974784964458
7.871749716797552 240.7274276538992
74.34950166962378 324.16519369086313
38.08379246099706 515.6707462513647
64.98450148273295 133.39369626967957
60.98406071332289 456.2799582603028
85.98111411132238 592.9259345846415
26.57505939507388 193.67953845562167
73.50666419405152 522.3494877759232
147.91244576246606 589.6045063899676
105.174980827599 433.71510660602763
112.75445298683755 373.8703785311254
20.165434098789902 234.49608548851694
8.495320681905625 250.86192593280953
95.46807290126068 343.4118094675326
59.56519788775344 191.2741607262242
23.92070661227389 419.58930010743256
111.15275162495782 133.7440578601688
13.672094633366243 520.4860673059533
91.17584766923757 476.8287326537988
86.77190283962875 561.8599732657008
94.79226738226598 64.81772760239244
2.8136879080580712 579.8089491954653
127.42011511802812 390.32251272898867
141.78481361474644 421.13792100620987
21.92901093832147 39.25983329596063
104.40677290385229 14.797361021723265
119.55814211178873 454.15082733058983
28.246919580215007 238.10238284268593
106.19198185279089 410.7365187208158
79.25755209178078 381.868114337091
114.34680976718985 126.02565240012487
6.250621037597057 338.89807289439426
103.13586552185245 75.78863553988755
128.13944255348562 508.08011612505453
56.47825541393624 378.21765674424375
52.426028279928346 495.91017169176246
71.04211039308612 234.7319019736459
124.84159880324339 472.3341113596978
52.70922122423646 359.11551576818323
57.83971640378968 167.98861433806962
91.02953635384956 257.43626556013015
64.89705889060338 489.7289965189332
77.28369130576519 300.95731308511944
7.915525677391528 277.0863566345025
3.262080074889269 483.92930608253425
117.63977449971185 538.3941197988481
65.83109581711864 341.77505061414644
39.628325779592785 303.3401758403963
65.34217394827434 161.29470674841372
7.303636591966708 62.89318031597531
117.12528123366447 578.9191350051968
98.36816020022269 119.64508135098487
74.26541845918211 447.1781495002779
9.268668499249273 243.33850573283743
118.17273528435175 507.6299299446583
35.24821679934173 525.7789856830211
17.22484461351081 55.05382417131601
85.46685402135441 339.26351475318177
79.23654011826737 573.9339377468989
14.584141226275264 517.9409847360931
26.956959699368866 253.296439004999
139.91927756451543 36.13695551027263
58.344392123885285 362.5778438533071
142.13819806886295 458.49318113847477
138.67721590663257 135.73721587194746
64.58404221581054 64.34735092366482
3.7940498838846963 350.48810194831833
28.718612551736783 209.67463085937212
135.39887630292955 36.26023006855688
24.48111400053908 216.46523565854199
16.828872957101325 585.0652321498864
19.7194957962256 389.6188899037823
35.23078124280829 505.4019923083566
120.52247998710011 164.53916912008566
117.38730007279358 527.9211545422626
145.64846826084408 497.5477302706416
6.510705123132013 425.00839589018017
2.8955575236283124 145.83351920724334
6.566275400856796 257.8273197093668
101.05781007669962 483.89649629569925
27.501215938273248 177.64786420878232
28.087469071410993 34.01697521339266
1.4297564150392503 487.6897617287211
25.64520196481351 225.4436113851618
130.75618660906363 84.99678185367807
16.768047491363617 373.54214466341443
79.05987121957438 104.58625547895303
117.93473192892262 180.63595212063072
13.077236929528496 68.53803155172346
85.35385819920495 539.3514989132165
74.27303000286074 292.92041583916256
138.45956739343669 518.4814794279322
10.882602510088674 495.202870682458
43.11286506648645 205.53017372202672
5.986647842130083 170.97338895518863
2.7582246326107906 323.8795770131702
104.80647950017175 401.0106389820827
149.20746062753548 156.14578901033656
112.10014317954125 181.65268111422935
112.94220954489404 481.3510872219721
130.14535823057483 367.5881548614503
28.83014924936471 249.97642478206262
61.08675841320587 546.966452736285
127.75386219596358 371.29284988461603
59.16684250273724 435.8185777082192
84.70101286075435 152.6647454063214
27.519234872548807 228.58133371434099
74.669057688382 437.7194690451573
69.86534918715421 306.94103596658226
31.824270019464763 428.127481793956
113.54694911872997 591.1455338857559
108.28318173390312 205.31520859081309
25.128133621762643 522.2830438028979
82.87917610756604 207.539446876657
118.309899297665 320.2301027443121
2.584678595075161 13.015637032633641
132.7379047958976 580.9545435397722
126.4146217882515 356.0303267873959
105.05162412571701 149.12321415322054
82.25067188727408 395.5734746475665
115.12082786580376 136.09990717333224
116.42112922651569 255.09714310014974
78.73569726087148 75.22817373333494
113.17652762688644 472.4167387482186
99.09191351450903 503.4173344316534
47.58297524808056 40.05866782765295
52.57430401697262 312.3320903114177
5.3475936425424635 349.0593874820292
141.50921290598708 285.4814681317645
28.080206363843956 532.6275332907013
74.18937421929667 94.29401437632603
102.20507631371086 169.04483750179992
73.40141506018878 532.2859543741142
101.48008905633878 120.04817801870387
28.006189930882044 291.3913270629003
68.81918356794358 516.1084036464777
95.05754356643726 203.7561324210784
95.59564433461665 100.40272492102022
93.4105932608053 437.92923105841
92.89105027153118 282.2900304824341
87.10473776609362 348.2874095063504
116.35412349762548 198.12030633388548
121.19769947047533 105.48406209612537
84.18386259394504 322.4037784815739
90.58373006480747 12.89528541206133
146.5937652440913 22.227040360961038
26.487161123359684 295.73805986318814
147.5848117567216 455.42047344046273
4.0028619689340985 483.19785128349696
35.12377469009266 311.1808957501959
55.61640022173043 584.2307026788912
52.84264519953055 534.0266154456152
89.49805732948306 218.38779646119178
23.229133759798657 252.62000252928482
98.867369171832 42.02684604003058
135.38650262177575 269.9570971219086
99.02741620019599 43.759090533123036
5.324631416373194 145.82594269705743
36.169647648683366 177.04585686969298
127.38671399812013 82.84885289364676
120.37010659551581 99.09761541193353
147.91586198002682 389.79274693316535
20.999149342626623 469.2461033638476
66.25636274228722 2.3166164990469307
12.751505639390786 565.5855689971631
127.55603584196672 170.27117176827923
55.54949230343931 390.79441054822064
46.19473189640999 459.811299864754
18.091116491720996 427.60076153314293
47.864012538879834 490.08578403748857
20.61315887224208 154.6176312977011
84.47861579926312 63.829416114559166
107.67639834473749 513.4101332587533
65.64949353303024 148.55938395893594
58.99806017189837 152.81346545496282
31.94566555522138 99.60857306549467
40.86016757275388 391.21225923477255
7.0574230877199255 528.162628999984
110.28308090108575 124.29650082811013
23.48408864709681 310.63475193070724
130.4079131520255 19.718888894797047
62.90128243228929 75.22923450340893
73.31062921028399 346.47564596395705
40.60712957883348 387.35762740889254
5.500445227846129 353.96718977491173
134.89686499503 313.03656170499147
64.98489232136299 565.5555045965461
62.745090681889906 132.21938862835785
95.53993215569051 528.3302125288851
58.961728080372694 251.9443509694756
140.22215545217622 474.4912812998274
136.1737282719629 462.7755199809214
112.86494260525235 298.49417984031265
104.62034194452727 243.99613762096524
53.395781315030035 162.88918578053972
145.9281372235484 113.67010688231267
20.21110376588169 447.78504194436533
107.87460100746581 189.59426499898436
87.74634765228882 332.7452310798108
8.56648572107629 65.33628976512907
87.16887931093095 320.08628692226773
90.32327632646299 486.3476657910753
82.88025230104736 460.35044528271504
147.3427314326142 106.55708857711015
85.61816085294817 458.2370133361244
126.80153245803896 178.4833088556115
41.51117354700895 272.30087984112237
105.45976154778297 212.45915046220554
147.47391674459675 171.0568457404059
64.09292065578279 202.69500108406086
78.32373541485543 565.9500548702327
127.85800824627682 526.1479101821188
148.24136226467482 57.48285366445221
75.85510796836819 265.7156930109242
114.45182077139178 52.27707970835147
144.59530307235008 37.72736970543023
82.7261824091006 435.37098658502885
61.70145436737798 391.0870007744515
124.83165878044686 535.9967659379171
88.21477195625717 385.3512151602045
32.11976168649849 339.78817314525156
70.2653848828455 231.96169672320352
33.84613111590839 353.26828665992593
74.21412004447089 152.59690477539496
74.66928174678637 326.41354660660096
29.583193143977766 227.06245156973492
24.369074895758686 323.69594917576063
39.69386581313779 178.76718872811702
126.93364803143464 125.50576621548679
67.84947889987228 18.764326594092594
135.89662553451797 224.26155447683894
135.54631659175539 252.09299339935933
77.20721522088512 373.0274124225758
23.6122249210122 590.8640665122847
98.6210790174131 543.7401225535097
82.18803331771751 162.46870921766734
47.96177662846398 298.26895287498047
144.9778971323484 343.32069817049893
104.73231546289712 337.961723791918
9.977371895499445 218.30993168728472
20.019822268752236 112.0262266101881
141.16917184543217 161.82555588493614
133.73720126724365 534.1634790597866
140.88784904921187 377.9780455315268
119.90642717821848 490.7058862133835
62.43070366000086 437.69147174482157
58.493629713603326 464.3560164144936
17.288718496981986 503.6454369313401
136.2615170917069 202.6937623683933
36.277017406202475 60.30394745488579
47.093726738600296 491.09032355723394
72.01149530539976 402.802619752168
46.466900828185686 599.0390232340189
0.3063564400020198 446.28321024841324
134.61629245113014 105.42431196971627
141.68701324992577 452.237969543055
100.39939983835592 401.12238254554944
135.28118930675137 321.48612084567054
14.028341378442292 295.4297746815288
57.469708727178784 354.81281590777434
22.00490561288062 301.2899287080041
53.796720262566396 306.6997196254494
104.64088966536953 442.07992506178215
94.29855731193916 179.99893664124744
9.444061652194875 360.7906898196328
93.2702247551214 137.84813434417686
108.22335344093005 217.50522984829925
109.26882952993776 31.935817739314576
107.38946903618348 524.1071264896166
94.40833703647225 295.9098830348413
93.25710497549733 547.130792681323
119.82688988372016 292.9095700753523
84.09001916751535 322.2573823542207
69.86221640061464 312.89097931902546
30.03915308835593 441.5790246205144
56.64538385198193 427.68336928004874
13.997154410787516 573.2330126420969
41.99947693185051 346.70043587202406
6.479151968193989 196.30670445656642
136.49639257858146 70.30691882052642
1.6206007144782717 82.84323407681016
52.67575250519174 419.1239450472298
32.76839511253175 182.7921349785317
15.426092081789704 350.51733125848637
8.54380255172606 280.20766930324714
66.97524639188299 294.2579023347664
46.462517231727944 119.92902153157902
68.60708983344327 224.7238708754756
123.75762143441133 478.2033262782425
0.8623683638940776 52.836174256492185
3.201416250120147 561.2889765642774
1.0170714674350734 518.496649116811
66.74454539032655 174.76591860965104
74.17032709136859 227.79258815277726
80.98819676648763 416.39342090257736
25.72918492871679 366.25137806703566
136.59651003506647 5.975419281680483
117.04291485280552 362.4492416214006
51.6901316232415 562.4111077015287
65.69216369895145 295.995568566393
97.39099299571507 409.8373644326195
97.28507977562921 564.7280637835942
100.13252070338558 129.2611492208627
34.40491396549652 447.1280131091284
101.74349660249673 393.0340164909946
36.88964746379811 14.633205492757618
120.41484158951212 351.1264348720783
25.22053274922355 170.665912965007
0.40818624739915776 74.14113999361041
32.20991076653442 361.853816355872
101.76405057134565 84.79245514935567
90.49306821107429 527.1595538809748
15.549324868049581 505.21269896869865
95.32001007771953 101.78516039625822
118.22801517404898 56.26511391969091
129.39167225876545 515.4407450506448
0.05113675901607451 485.51883833351883
48.49315766886322 522.5896108606427
117.31976319072197 10.455956041005244
37.17218242537402 148.85205666247765
5.920079669554255 429.53760555540595
106.54171552114073 158.27275844653775
136.48766766818824 466.64635386693277
120.96058016993165 273.0523411835836
130.27542454916085 252.4786991793573
110.94425924951895 534.3978430021795
121.46531914630228 14.762697980021034
26.653777522002116 504.1708295157382
53.273547337588695 421.2695136233969
84.32129514020252 294.1868384031642
3.140125688252411 363.5158517489128
23.322025952935803 558.4818006197843
38.928654952381635 490.43759036516445
92.98574924429946 117.2178157981852
115.9311220105314 204.079063986898
143.04660461484428 295.4638363830184
48.522905359756976 95.17680770185835
93.33537322466333 301.3723101062894
144.39848235532634 476.3313673588425
69.02927858048719 466.44461219517757
82.63569548226592 78.34277644455703
108.36837601272175 532.3030247381528
43.34045475563998 269.89540962211976
112.42081458926975 273.19891244568856
122.30028855109349 293.9224293146629
47.45157926247394 346.8540574729882
119.36800449351114 299.88632008309
30.94167938436226 541.6857978201704
57.37891551678999 579.2335802429819
142.8837639596569 266.2666416777901
99.60976068420784 537.56190741584
80.2731129572095 372.8237792288366
75.3213753640683 352.9771075719978
105.77801088758103 111.28913074495918
95.28978350501572 240.53807070662688
81.20498180322006 523.7827097661453
124.15276310250431 188.49017998768645
96.78169726303415 136.23067783195867
4.344562208855137 126.88782461697336
6.2070449325217965 340.793500553527
101.55368864762711 14.31941260911409
117.72245793592342 429.7461649662312
20.47735098495251 267.9706772530803
133.21746353230895 594.778786711481
36.32346323571913 320.86278833253544
62.234691011450565 66.98341120997098
102.04189832051615 556.4102356534303
3.696537330062199 310.73476991061347
47.38204812603203 587.9805510207598
147.15069164659735 176.6992896975913
80.34908344934222 463.89901037048
57.92250010519243 430.35600606894695
143.79241946061532 197.48740031549576
35.45491182275914 195.35256325515434
58.37945707976732 282.4009070928557
104.49204778340365 88.38021001248167
102.09054293167392 558.4953524404788
10.766066685399906 407.5273714839737
95.06229389558987 102.3991764936941
95.59795969992007 566.6729593136992
107.38445050314071 188.68196183060243
149.88326193307773 531.4389524788626
40.66346243061355 515.7833949948995
15.26336907428174 387.8296804636558
0.907028010868828 3.4038690099950752
4.31776249212291 418.46347832742515
114.14876091406609 526.8155555869124
20.13680936877168 513.29079756368
76.05646684380429 258.23330676271206
117.02528345938384 41.92585896186212
4.262098527234002 501.42408130070135
45.95615685297871 246.27111300882663
111.57366254722672 481.3892120194956
12.665525381391433 232.21734055901976
141.6191888493688 167.59655951671047
3.265232281131887 566.0903155502532
46.46757461933095 439.63319364246576
81.42318722441142 86.7618686347928
74.12475677644537 401.80232325330843
117.51686304199491 516.2715897333774
45.57892064665501 152.23249618245376
82.26915054463055 105.3054601088312
75.25337387693395 65.54948597225068
73.64287145973009 138.49718287651532
77.08523533910036 166.50212163921304
61.6251488959484 372.3513625838631
139.5801212485324 230.11145405689405
25.379233042150204 552.4716037536672
49.11573513002507 379.1359344657164
54.39280250581058 521.6816200739698
87.34420848657437 429.46494881729797
62.88016681378204 190.89836299376972
78.91136325474292 577.2011168947663
19.65957434950583 188.43582691910933
22.21421373792046 121.92942015680804
22.146461060372403 310.9678138022371
139.45807246594393 330.58520873413204
60.928001149805624 13.99672574013242
76.85512453764201 39.662162732219805
3.5533643100397114 531.1588058871685
105.59404957819947 408.2516090881923
80.57985556866902 439.5693402433781
25.734626717095693 212.4634520563596
75.42035842285551 179.14029280215004
41.397691965276564 419.159424717877
110.21407644351976 369.1183186122522
27.359638992752522 137.4115333302578
50.79947214238639 201.6132511338306
4.929827967872612 564.4136114561684
127.83266383953108 321.1030689424666
60.93230507411184 66.47741823849742
20.5547549901208 543.3535214506583
1.6232076684735688 400.8049582431333
62.93494000937844 361.3208072361383
29.050289107771093 56.87059537201489
30.106968470288308 98.95629469515308
98.55486578850223 199.08010163543332
39.72286903402923 32.28833017861814
48.29962741467068 528.7158823209878
93.05242468020086 493.55816653994736
10.021804969887043 573.1385673856374
135.0562365549338 538.5595261045856
35.827135178011446 109.07605680110484
90.3764907180185 542.6832013095034
21.748599901721093 492.2259678589481
90.59641456775232 258.2516276912444
13.04863464911115 464.35467355908736
87.16637516215566 320.20440310293765
139.9798010225569 362.57719242951094
26.967825131660263 129.93590420967692
143.72624106668073 26.710168906515296
52.456474584473 20.977761023564966
11.041551807279347 189.62380639123984
120.2896333744049 281.81903243832323
14.208544301657994 578.7651186147828
63.78934685960809 175.0704811726451
108.99145640213266 91.06550367486608
123.72174183653442 418.5507040927893
75.30736673174351 135.60464415697356
93.64559846627975 321.9105262156542
39.02516167114757 358.6146740608349
1.2995762517238916 295.87494045281005
120.49884952488543 449.8714519829574
71.11318097217307 113.71318965831341
118.02286555096775 400.88664440384116
53.40726822425066 556.8847518268325
98.96535152838442 527.4770724399285
10.744728088449577 470.72908075024014
118.74235305226888 390.79332441106044
125.15216508834865 28.047258130340524
99.56812671507575 536.2042086455646
116.15096821642537 426.97719850570775
56.82888287103725 142.37545607953382
105.81234479307464 280.46987237808656
39.40978592146223 78.64008609504343
122.02082507496624 598.7490104712402
19.928915292218846 234.76474396297803
85.00385227938952 226.88402253366675
17.277991260316824 332.5862911200527
67.55394915236562 238.4941273296461
111.56875457352209 57.69487389985868
31.040161295360363 177.3191465639892
47.6814703791388 511.80471730476864
93.56138954416315 548.1093915100467
139.0794493721815 478.7473320567699
94.6518883457097 251.52949564243423
