   85.000000000000000        0.0000000000000000     
   98.000000000000000        0.0000000000000000     
   111.00000000000000        0.0000000000000000     
   124.00000000000000        0.0000000000000000     
   137.00000000000000        0.0000000000000000     
   0.0000000000000000        0.0000000000000000     
   13.000000000000000        0.0000000000000000     
   26.000000000000000        0.0000000000000000     
   39.000000000000000        0.0000000000000000     
   52.000000000000000        0.0000000000000000     
   65.000000000000000        0.0000000000000000     
   78.500000000000000        11.258330345153809     
   91.500000000000000        11.258330345153809     
   104.50000000000000        11.258330345153809     
   117.50000000000000        11.258330345153809     
   130.50000000000000        11.258330345153809     
   143.50000000000000        11.258330345153809     
   6.5000000000000000        11.258330345153809     
   19.500000000000000        11.258330345153809     
   32.500000000000000        11.258330345153809     
   45.500000000000000        11.258330345153809     
   58.500000000000000        11.258330345153809     
   71.500000000000000        11.258330345153809     
   85.000000000000000        22.516660690307617     
   98.000000000000000        22.516660690307617     
   111.00000000000000        22.516660690307617     
   124.00000000000000        22.516660690307617     
   137.00000000000000        22.516660690307617     
   0.0000000000000000        22.516660690307617     
   13.000000000000000        22.516660690307617     
   26.000000000000000        22.516660690307617     
   39.000000000000000        22.516660690307617     
   52.000000000000000        22.516660690307617     
   65.000000000000000        22.516660690307617     
   78.500000000000000        33.774990081787109     
   91.500000000000000        33.774990081787109     
   104.50000000000000        33.774990081787109     
   117.50000000000000        33.774990081787109     
   130.50000000000000        33.774990081787109     
   143.50000000000000        33.774990081787109     
   6.5000000000000000        33.774990081787109     
   19.500000000000000        33.774990081787109     
   32.500000000000000        33.774990081787109     
   45.500000000000000        33.774990081787109     
   58.500000000000000        33.774990081787109     
   71.500000000000000        33.774990081787109     
   85.000000000000000        45.033321380615234     
   98.000000000000000        45.033321380615234     
   111.00000000000000        45.033321380615234     
   124.00000000000000        45.033321380615234     
   137.00000000000000        45.033321380615234     
   0.0000000000000000        45.033321380615234     
   13.000000000000000        45.033321380615234     
   26.000000000000000        45.033321380615234     
   39.000000000000000        45.033321380615234     
   52.000000000000000        45.033321380615234     
   65.000000000000000        45.033321380615234     
   78.500000000000000        56.291652679443359     
   91.500000000000000        56.291652679443359     
   104.50000000000000        56.291652679443359     
   117.50000000000000        56.291652679443359     
   130.50000000000000        56.291652679443359     
   143.50000000000000        56.291652679443359     
   6.5000000000000000        56.291652679443359     
   19.500000000000000        56.291652679443359     
   32.500000000000000        56.291652679443359     
   45.500000000000000        56.291652679443359     
   58.500000000000000        56.291652679443359     
   71.500000000000000        56.291652679443359     
   85.000000000000000        67.549980163574219     
   98.000000000000000        67.549980163574219     
   111.00000000000000        67.549980163574219     
   124.00000000000000        67.549980163574219     
   137.00000000000000        67.549980163574219     
   0.0000000000000000        67.549980163574219     
   13.000000000000000        67.549980163574219     
   26.000000000000000        67.549980163574219     
   39.000000000000000        67.549980163574219     
   52.000000000000000        67.549980163574219     
   65.000000000000000        67.549980163574219     
   78.500000000000000        78.808311462402344     
   91.500000000000000        78.808311462402344     
   104.50000000000000        78.808311462402344     
   117.50000000000000        78.808311462402344     
   130.50000000000000        78.808311462402344     
   143.50000000000000        78.808311462402344     
   6.5000000000000000        78.808311462402344     
   19.500000000000000        78.808311462402344     
   32.500000000000000        78.808311462402344     
   45.500000000000000        78.808311462402344     
   58.500000000000000        78.808311462402344     
   71.500000000000000        78.808311462402344     
   85.000000000000000        90.066642761230469     
   98.000000000000000        90.066642761230469     
   111.00000000000000        90.066642761230469     
   124.00000000000000        90.066642761230469     
   137.00000000000000        90.066642761230469     
   0.0000000000000000        90.066642761230469     
   13.000000000000000        90.066642761230469     
   26.000000000000000        90.066642761230469     
   39.000000000000000        90.066642761230469     
   52.000000000000000        90.066642761230469     
   65.000000000000000        90.066642761230469     
   78.500000000000000        101.32497406005859     
   91.500000000000000        101.32497406005859     
   104.50000000000000        101.32497406005859     
   117.50000000000000        101.32497406005859     
   130.50000000000000        101.32497406005859     
   143.50000000000000        101.32497406005859     
   6.5000000000000000        101.32497406005859     
   19.500000000000000        101.32497406005859     
   32.500000000000000        101.32497406005859     
   45.500000000000000        101.32497406005859     
   58.500000000000000        101.32497406005859     
   71.500000000000000        101.32497406005859     
   85.000000000000000        112.58330535888672     
   98.000000000000000        112.58330535888672     
   111.00000000000000        112.58330535888672     
   124.00000000000000        112.58330535888672     
   137.00000000000000        112.58330535888672     
   0.0000000000000000        112.58330535888672     
   13.000000000000000        112.58330535888672     
   26.000000000000000        112.58330535888672     
   39.000000000000000        112.58330535888672     
   52.000000000000000        112.58330535888672     
   65.000000000000000        112.58330535888672     
   78.500000000000000        123.84163665771484     
   91.500000000000000        123.84163665771484     
   104.50000000000000        123.84163665771484     
   117.50000000000000        123.84163665771484     
   130.50000000000000        123.84163665771484     
   143.50000000000000        123.84163665771484     
   6.5000000000000000        123.84163665771484     
   19.500000000000000        123.84163665771484     
   32.500000000000000        123.84163665771484     
   45.500000000000000        123.84163665771484     
   58.500000000000000        123.84163665771484     
   71.500000000000000        123.84163665771484     
   85.000000000000000        135.09996032714844     
   98.000000000000000        135.09996032714844     
   111.00000000000000        135.09996032714844     
   124.00000000000000        135.09996032714844     
   137.00000000000000        135.09996032714844     
   0.0000000000000000        135.09996032714844     
   13.000000000000000        135.09996032714844     
   26.000000000000000        135.09996032714844     
   39.000000000000000        135.09996032714844     
   52.000000000000000        135.09996032714844     
   65.000000000000000        135.09996032714844     
   78.500000000000000        146.35829162597656     
   91.500000000000000        146.35829162597656     
   104.50000000000000        146.35829162597656     
   117.50000000000000        146.35829162597656     
   130.50000000000000        146.35829162597656     
   143.50000000000000        146.35829162597656     
   6.5000000000000000        146.35829162597656     
   19.500000000000000        146.35829162597656     
   32.500000000000000        146.35829162597656     
   45.500000000000000        146.35829162597656     
   58.500000000000000        146.35829162597656     
   71.500000000000000        146.35829162597656     
   85.000000000000000        157.61662292480469     
   98.000000000000000        157.61662292480469     
   111.00000000000000        157.61662292480469     
   124.00000000000000        157.61662292480469     
   137.00000000000000        157.61662292480469     
   0.0000000000000000        157.61662292480469     
   13.000000000000000        157.61662292480469     
   26.000000000000000        157.61662292480469     
   39.000000000000000        157.61662292480469     
   52.000000000000000        157.61662292480469     
   65.000000000000000        157.61662292480469     
   78.500000000000000        168.87495422363281     
   91.500000000000000        168.87495422363281     
   104.50000000000000        168.87495422363281     
   117.50000000000000        168.87495422363281     
   130.50000000000000        168.87495422363281     
   143.50000000000000        168.87495422363281     
   6.5000000000000000        168.87495422363281     
   19.500000000000000        168.87495422363281     
   32.500000000000000        168.87495422363281     
   45.500000000000000        168.87495422363281     
   58.500000000000000        168.87495422363281     
   71.500000000000000        168.87495422363281     
   85.000000000000000        180.13328552246094     
   98.000000000000000        180.13328552246094     
   111.00000000000000        180.13328552246094     
   124.00000000000000        180.13328552246094     
   137.00000000000000        180.13328552246094     
   0.0000000000000000        180.13328552246094     
   13.000000000000000        180.13328552246094     
   26.000000000000000        180.13328552246094     
   39.000000000000000        180.13328552246094     
   52.000000000000000        180.13328552246094     
   65.000000000000000        180.13328552246094     
   78.500000000000000        191.39161682128906     
   91.500000000000000        191.39161682128906     
   104.50000000000000        191.39161682128906     
   117.50000000000000        191.39161682128906     
   130.50000000000000        191.39161682128906     
   143.50000000000000        191.39161682128906     
   6.5000000000000000        191.39161682128906     
   19.500000000000000        191.39161682128906     
   32.500000000000000        191.39161682128906     
   45.500000000000000        191.39161682128906     
   58.500000000000000        191.39161682128906     
   71.500000000000000        191.39161682128906     
   85.000000000000000        202.64994812011719     
   98.000000000000000        202.64994812011719     
   111.00000000000000        202.64994812011719     
   124.00000000000000        202.64994812011719     
   137.00000000000000        202.64994812011719     
   0.0000000000000000        202.64994812011719     
   13.000000000000000        202.64994812011719     
   26.000000000000000        202.64994812011719     
   39.000000000000000        202.64994812011719     
   52.000000000000000        202.64994812011719     
   65.000000000000000        202.64994812011719     
   78.500000000000000        213.90827941894531     
   91.500000000000000        213.90827941894531     
   104.50000000000000        213.90827941894531     
   117.50000000000000        213.90827941894531     
   130.50000000000000        213.90827941894531     
   143.50000000000000        213.90827941894531     
   6.5000000000000000        213.90827941894531     
   19.500000000000000        213.90827941894531     
   32.500000000000000        213.90827941894531     
   45.500000000000000        213.90827941894531     
   58.500000000000000        213.90827941894531     
   71.500000000000000        213.90827941894531     
   85.000000000000000        225.16661071777344     
   98.000000000000000        225.16661071777344     
   111.00000000000000        225.16661071777344     
   124.00000000000000        225.16661071777344     
   137.00000000000000        225.16661071777344     
   0.0000000000000000        225.16661071777344     
   13.000000000000000        225.16661071777344     
   26.000000000000000        225.16661071777344     
   39.000000000000000        225.16661071777344     
   52.000000000000000        225.16661071777344     
   65.000000000000000        225.16661071777344     
   78.500000000000000        236.42494201660156     
   91.500000000000000        236.42494201660156     
   104.50000000000000        236.42494201660156     
   117.50000000000000        236.42494201660156     
   130.50000000000000        236.42494201660156     
   143.50000000000000        236.42494201660156     
   6.5000000000000000        236.42494201660156     
   19.500000000000000        236.42494201660156     
   32.500000000000000        236.42494201660156     
   45.500000000000000        236.42494201660156     
   58.500000000000000        236.42494201660156     
   71.500000000000000        236.42494201660156     
   85.000000000000000        247.68327331542969     
   98.000000000000000        247.68327331542969     
   111.00000000000000        247.68327331542969     
   124.00000000000000        247.68327331542969     
   137.00000000000000        247.68327331542969     
   0.0000000000000000        247.68327331542969     
   13.000000000000000        247.68327331542969     
   26.000000000000000        247.68327331542969     
   39.000000000000000        247.68327331542969     
   52.000000000000000        247.68327331542969     
   65.000000000000000        247.68327331542969     
   78.500000000000000        258.94158935546875     
   91.500000000000000        258.94158935546875     
   104.50000000000000        258.94158935546875     
   117.50000000000000        258.94158935546875     
   130.50000000000000        258.94158935546875     
   143.50000000000000        258.94158935546875     
   6.5000000000000000        258.94158935546875     
   19.500000000000000        258.94158935546875     
   32.500000000000000        258.94158935546875     
   45.500000000000000        258.94158935546875     
   58.500000000000000        258.94158935546875     
   71.500000000000000        258.94158935546875     
   85.000000000000000        270.19992065429688     
   98.000000000000000        270.19992065429688     
   111.00000000000000        270.19992065429688     
   124.00000000000000        270.19992065429688     
   137.00000000000000        270.19992065429688     
   0.0000000000000000        270.19992065429688     
   13.000000000000000        270.19992065429688     
   26.000000000000000        270.19992065429688     
   39.000000000000000        270.19992065429688     
   52.000000000000000        270.19992065429688     
   65.000000000000000        270.19992065429688     
   78.500000000000000        281.45825195312500     
   91.500000000000000        281.45825195312500     
   104.50000000000000        281.45825195312500     
   117.50000000000000        281.45825195312500     
   130.50000000000000        281.45825195312500     
   143.50000000000000        281.45825195312500     
   6.5000000000000000        281.45825195312500     
   19.500000000000000        281.45825195312500     
   32.500000000000000        281.45825195312500     
   45.500000000000000        281.45825195312500     
   58.500000000000000        281.45825195312500     
   71.500000000000000        281.45825195312500     
   85.000000000000000        292.71658325195312     
   98.000000000000000        292.71658325195312     
   111.00000000000000        292.71658325195312     
   124.00000000000000        292.71658325195312     
   137.00000000000000        292.71658325195312     
   0.0000000000000000        292.71658325195312     
   13.000000000000000        292.71658325195312     
   26.000000000000000        292.71658325195312     
   39.000000000000000        292.71658325195312     
   52.000000000000000        292.71658325195312     
   65.000000000000000        292.71658325195312     
   78.500000000000000        303.97491455078125     
   91.500000000000000        303.97491455078125     
   104.50000000000000        303.97491455078125     
   117.50000000000000        303.97491455078125     
   130.50000000000000        303.97491455078125     
   143.50000000000000        303.97491455078125     
   6.5000000000000000        303.97491455078125     
   19.500000000000000        303.97491455078125     
   32.500000000000000        303.97491455078125     
   45.500000000000000        303.97491455078125     
   58.500000000000000        303.97491455078125     
   71.500000000000000        303.97491455078125     
   85.000000000000000        315.23324584960938     
   98.000000000000000        315.23324584960938     
   111.00000000000000        315.23324584960938     
   124.00000000000000        315.23324584960938     
   137.00000000000000        315.23324584960938     
   0.0000000000000000        315.23324584960938     
   13.000000000000000        315.23324584960938     
   26.000000000000000        315.23324584960938     
   39.000000000000000        315.23324584960938     
   52.000000000000000        315.23324584960938     
   65.000000000000000        315.23324584960938     
   78.500000000000000        326.49157714843750     
   91.500000000000000        326.49157714843750     
   104.50000000000000        326.49157714843750     
   117.50000000000000        326.49157714843750     
   130.50000000000000        326.49157714843750     
   143.50000000000000        326.49157714843750     
   6.5000000000000000        326.49157714843750     
   19.500000000000000        326.49157714843750     
   32.500000000000000        326.49157714843750     
   45.500000000000000        326.49157714843750     
   58.500000000000000        326.49157714843750     
   71.500000000000000        326.49157714843750     
   85.000000000000000        337.74990844726562     
   98.000000000000000        337.74990844726562     
   111.00000000000000        337.74990844726562     
   124.00000000000000        337.74990844726562     
   137.00000000000000        337.74990844726562     
   0.0000000000000000        337.74990844726562     
   13.000000000000000        337.74990844726562     
   26.000000000000000        337.74990844726562     
   39.000000000000000        337.74990844726562     
   52.000000000000000        337.74990844726562     
   65.000000000000000        337.74990844726562     
   78.500000000000000        349.00823974609375     
   91.500000000000000        349.00823974609375     
   104.50000000000000        349.00823974609375     
   117.50000000000000        349.00823974609375     
   130.50000000000000        349.00823974609375     
   143.50000000000000        349.00823974609375     
   6.5000000000000000        349.00823974609375     
   19.500000000000000        349.00823974609375     
   32.500000000000000        349.00823974609375     
   45.500000000000000        349.00823974609375     
   58.500000000000000        349.00823974609375     
   71.500000000000000        349.00823974609375     
   85.000000000000000        360.26657104492188     
   98.000000000000000        360.26657104492188     
   111.00000000000000        360.26657104492188     
   124.00000000000000        360.26657104492188     
   137.00000000000000        360.26657104492188     
   0.0000000000000000        360.26657104492188     
   13.000000000000000        360.26657104492188     
   26.000000000000000        360.26657104492188     
   39.000000000000000        360.26657104492188     
   52.000000000000000        360.26657104492188     
   65.000000000000000        360.26657104492188     
   78.500000000000000        371.52490234375000     
   91.500000000000000        371.52490234375000     
   104.50000000000000        371.52490234375000     
   117.50000000000000        371.52490234375000     
   130.50000000000000        371.52490234375000     
   143.50000000000000        371.52490234375000     
   6.5000000000000000        371.52490234375000     
   19.500000000000000        371.52490234375000     
   32.500000000000000        371.52490234375000     
   45.500000000000000        371.52490234375000     
   58.500000000000000        371.52490234375000     
   71.500000000000000        371.52490234375000     
   85.000000000000000        382.78323364257812     
   98.000000000000000        382.78323364257812     
   111.00000000000000        382.78323364257812     
   124.00000000000000        382.78323364257812     
   137.00000000000000        382.78323364257812     
   0.0000000000000000        382.78323364257812     
   13.000000000000000        382.78323364257812     
   26.000000000000000        382.78323364257812     
   39.000000000000000        382.78323364257812     
   52.000000000000000        382.78323364257812     
   65.000000000000000        382.78323364257812     
   78.500000000000000        394.04156494140625     
   91.500000000000000        394.04156494140625     
   104.50000000000000        394.04156494140625     
   117.50000000000000        394.04156494140625     
   130.50000000000000        394.04156494140625     
   143.50000000000000        394.04156494140625     
   6.5000000000000000        394.04156494140625     
   19.500000000000000        394.04156494140625     
   32.500000000000000        394.04156494140625     
   45.500000000000000        394.04156494140625     
   58.500000000000000        394.04156494140625     
   71.500000000000000        394.04156494140625     
   85.000000000000000        405.29989624023438     
   98.000000000000000        405.29989624023438     
   111.00000000000000        405.29989624023438     
   124.00000000000000        405.29989624023438     
   137.00000000000000        405.29989624023438     
   0.0000000000000000        405.29989624023438     
   13.000000000000000        405.29989624023438     
   26.000000000000000        405.29989624023438     
   39.000000000000000        405.29989624023438     
   52.000000000000000        405.29989624023438     
   65.000000000000000        405.29989624023438     
   78.500000000000000        416.55822753906250     
   91.500000000000000        416.55822753906250     
   104.50000000000000        416.55822753906250     
   117.50000000000000        416.55822753906250     
   130.50000000000000        416.55822753906250     
   143.50000000000000        416.55822753906250     
   6.5000000000000000        416.55822753906250     
   19.500000000000000        416.55822753906250     
   32.500000000000000        416.55822753906250     
   45.500000000000000        416.55822753906250     
   58.500000000000000        416.55822753906250     
   71.500000000000000        416.55822753906250     
   85.000000000000000        427.81655883789062     
   98.000000000000000        427.81655883789062     
   111.00000000000000        427.81655883789062     
   124.00000000000000        427.81655883789062     
   137.00000000000000        427.81655883789062     
   0.0000000000000000        427.81655883789062     
   13.000000000000000        427.81655883789062     
   26.000000000000000        427.81655883789062     
   39.000000000000000        427.81655883789062     
   52.000000000000000        427.81655883789062     
   65.000000000000000        427.81655883789062     
   78.500000000000000        439.07489013671875     
   91.500000000000000        439.07489013671875     
   104.50000000000000        439.07489013671875     
   117.50000000000000        439.07489013671875     
   130.50000000000000        439.07489013671875     
   143.50000000000000        439.07489013671875     
   6.5000000000000000        439.07489013671875     
   19.500000000000000        439.07489013671875     
   32.500000000000000        439.07489013671875     
   45.500000000000000        439.07489013671875     
   58.500000000000000        439.07489013671875     
   71.500000000000000        439.07489013671875     
   85.000000000000000        450.33322143554688     
   98.000000000000000        450.33322143554688     
   111.00000000000000        450.33322143554688     
   124.00000000000000        450.33322143554688     
   137.00000000000000        450.33322143554688     
   0.0000000000000000        450.33322143554688     
   13.000000000000000        450.33322143554688     
   26.000000000000000        450.33322143554688     
   39.000000000000000        450.33322143554688     
   52.000000000000000        450.33322143554688     
   65.000000000000000        450.33322143554688     
   78.500000000000000        461.59155273437500     
   91.500000000000000        461.59155273437500     
   104.50000000000000        461.59155273437500     
   117.50000000000000        461.59155273437500     
   130.50000000000000        461.59155273437500     
   143.50000000000000        461.59155273437500     
   6.5000000000000000        461.59155273437500     
   19.500000000000000        461.59155273437500     
   32.500000000000000        461.59155273437500     
   45.500000000000000        461.59155273437500     
   58.500000000000000        461.59155273437500     
   71.500000000000000        461.59155273437500     
   85.000000000000000        472.84988403320312     
   98.000000000000000        472.84988403320312     
   111.00000000000000        472.84988403320312     
   124.00000000000000        472.84988403320312     
   137.00000000000000        472.84988403320312     
   0.0000000000000000        472.84988403320312     
   13.000000000000000        472.84988403320312     
   26.000000000000000        472.84988403320312     
   39.000000000000000        472.84988403320312     
   52.000000000000000        472.84988403320312     
   65.000000000000000        472.84988403320312     
   78.500000000000000        484.10821533203125     
   91.500000000000000        484.10821533203125     
   104.50000000000000        484.10821533203125     
   117.50000000000000        484.10821533203125     
   130.50000000000000        484.10821533203125     
   143.50000000000000        484.10821533203125     
   6.5000000000000000        484.10821533203125     
   19.500000000000000        484.10821533203125     
   32.500000000000000        484.10821533203125     
   45.500000000000000        484.10821533203125     
   58.500000000000000        484.10821533203125     
   71.500000000000000        484.10821533203125     
   85.000000000000000        495.36654663085938     
   98.000000000000000        495.36654663085938     
   111.00000000000000        495.36654663085938     
   124.00000000000000        495.36654663085938     
   137.00000000000000        495.36654663085938     
   0.0000000000000000        495.36654663085938     
   13.000000000000000        495.36654663085938     
   26.000000000000000        495.36654663085938     
   39.000000000000000        495.36654663085938     
   52.000000000000000        495.36654663085938     
   65.000000000000000        495.36654663085938     
   78.500000000000000        506.62487792968750     
   91.500000000000000        506.62487792968750     
   104.50000000000000        506.62487792968750     
   117.50000000000000        506.62487792968750     
   130.50000000000000        506.62487792968750     
   143.50000000000000        506.62487792968750     
   6.5000000000000000        506.62487792968750     
   19.500000000000000        506.62487792968750     
   32.500000000000000        506.62487792968750     
   45.500000000000000        506.62487792968750     
   58.500000000000000        506.62487792968750     
   71.500000000000000        506.62487792968750     
   85.000000000000000        517.88317871093750     
   98.000000000000000        517.88317871093750     
   111.00000000000000        517.88317871093750     
   124.00000000000000        517.88317871093750     
   137.00000000000000        517.88317871093750     
   0.0000000000000000        517.88317871093750     
   13.000000000000000        517.88317871093750     
   26.000000000000000        517.88317871093750     
   39.000000000000000        517.88317871093750     
   52.000000000000000        517.88317871093750     
   65.000000000000000        517.88317871093750     
   78.500000000000000        529.14154052734375     
   91.500000000000000        529.14154052734375     
   104.50000000000000        529.14154052734375     
   117.50000000000000        529.14154052734375     
   130.50000000000000        529.14154052734375     
   143.50000000000000        529.14154052734375     
   6.5000000000000000        529.14154052734375     
   19.500000000000000        529.14154052734375     
   32.500000000000000        529.14154052734375     
   45.500000000000000        529.14154052734375     
   58.500000000000000        529.14154052734375     
   71.500000000000000        529.14154052734375     
   85.000000000000000        540.39984130859375     
   98.000000000000000        540.39984130859375     
   111.00000000000000        540.39984130859375     
   124.00000000000000        540.39984130859375     
   137.00000000000000        540.39984130859375     
   0.0000000000000000        540.39984130859375     
   13.000000000000000        540.39984130859375     
   26.000000000000000        540.39984130859375     
   39.000000000000000        540.39984130859375     
   52.000000000000000        540.39984130859375     
   65.000000000000000        540.39984130859375     
   78.500000000000000        551.65820312500000     
   91.500000000000000        551.65820312500000     
   104.50000000000000        551.65820312500000     
   117.50000000000000        551.65820312500000     
   130.50000000000000        551.65820312500000     
   143.50000000000000        551.65820312500000     
   6.5000000000000000        551.65820312500000     
   19.500000000000000        551.65820312500000     
   32.500000000000000        551.65820312500000     
   45.500000000000000        551.65820312500000     
   58.500000000000000        551.65820312500000     
   71.500000000000000        551.65820312500000     
   85.000000000000000        562.91650390625000     
   98.000000000000000        562.91650390625000     
   111.00000000000000        562.91650390625000     
   124.00000000000000        562.91650390625000     
   137.00000000000000        562.91650390625000     
   0.0000000000000000        562.91650390625000     
   13.000000000000000        562.91650390625000     
   26.000000000000000        562.91650390625000     
   39.000000000000000        562.91650390625000     
   52.000000000000000        562.91650390625000     
   65.000000000000000        562.91650390625000     
   78.500000000000000        574.17486572265625     
   91.500000000000000        574.17486572265625     
   104.50000000000000        574.17486572265625     
   117.50000000000000        574.17486572265625     
   130.50000000000000        574.17486572265625     
   143.50000000000000        574.17486572265625     
   6.5000000000000000        574.17486572265625     
   19.500000000000000        574.17486572265625     
   32.500000000000000        574.17486572265625     
   45.500000000000000        574.17486572265625     
   58.500000000000000        574.17486572265625     
   71.500000000000000        574.17486572265625     
   85.000000000000000        585.43316650390625     
   98.000000000000000        585.43316650390625     
   111.00000000000000        585.43316650390625     
   124.00000000000000        585.43316650390625     
   137.00000000000000        585.43316650390625     
   0.0000000000000000        585.43316650390625     
   13.000000000000000        585.43316650390625     
   26.000000000000000        585.43316650390625     
   39.000000000000000        585.43316650390625     
   52.000000000000000        585.43316650390625     
   65.000000000000000        585.43316650390625     
   78.500000000000000        596.69152832031250     
   91.500000000000000        596.69152832031250     
   104.50000000000000        596.69152832031250     
   117.50000000000000        596.69152832031250     
   130.50000000000000        596.69152832031250     
   143.50000000000000        596.69152832031250     
   6.5000000000000000        596.69152832031250     
   19.500000000000000        596.69152832031250     
   32.500000000000000        596.69152832031250     
   45.500000000000000        596.69152832031250     
   58.500000000000000        596.69152832031250     
   71.500000000000000        596.69152832031250     
