   18.179498916864389        97.152650356292725     
   129.12214819192886        453.27973365783691     
   67.569943594932568        295.38774490356445     
   68.494116973876970        572.42163419723511     
   112.24627196788788        457.70770311355591     
   40.971877074241647        457.56726264953613     
   67.591029572486889        287.94976472854614     
   127.94857058525085        387.40239143371582     
   14.154712951183313        54.379212856292725     
   28.256541198492044        179.37226295471191     
   124.77924094200134        476.07314586639404     
  0.93323320150375366        255.64391613006592     
   37.307580912113195        96.351063251495361     
   87.528574299812320        561.61623001098633     
   102.40291771292686        495.39291858673096     
   134.32344235777856        250.50348043441772     
   4.2153281509876308        247.37123250961304     
   137.71924969553947        3.8705706596374512     
   127.65123149752617        87.455713748931885     
   92.779018449783322        357.32055902481079     
   36.576683747768399        124.93579387664795     
   127.20588850378991        373.90508651733398     
   99.681003922224050        37.792110443115234     
   48.918699538707742        94.497513771057129     
   31.191208928823471        438.54142427444458     
   29.150416886806482        367.69734621047974     
   63.859803301095980        528.58800888061523     
   70.294680762290966        406.50479793548584     
   139.89588546752930        475.28679370880127     
   56.460662299394613        307.33698606491089     
   67.939707654714596        525.96702575683594     
   123.93461351990700        342.55185127258301     
   60.016803479194664        349.27114248275757     
   117.05386591553687        335.60396432876587     
   24.922320997714991        489.40286636352539     
   132.85284731388091        1.9914150238037109     
   39.806867879629138        270.98457813262939     
   143.22792559266091        22.877776622772217     
   132.01899518370629        209.70300436019897     
   134.80582876801492        304.66371774673462     
   24.398155760765079        534.91759300231934     
   82.545260894298551        244.68966722488403     
   68.861942195892340        374.26156997680664     
   102.38700494766235        326.13472938537598     
   149.40042558908462        240.13531208038330     
   98.976383817195895        428.64085435867310     
   123.31050432324409        381.24318122863770     
   148.55610194802284        281.34920597076416     
   63.557362478971498        161.44713163375854     
   84.425942462682727        340.17720222473145     
   120.84393635988235        101.89543962478638     
   8.5589501798152980        445.11373043060303     
   105.65081049203873        168.13992261886597     
   132.00804119706154        279.34087514877319     
   40.803233927488336        252.53165960311890     
   12.478484952449804        138.48838806152344     
   68.879847407341032        247.47154712677002     
   88.726704561710363        232.20781087875366     
   36.966166770458216        159.30554866790771     
   23.455335587263107        528.22315692901611     
   120.83484973311424        298.51777553558350     
   121.46259536743165        1.3538718223571777     
   106.75864630937576        449.12045001983643     
   72.861639422178285        490.45364856719971     
   74.565145170688652        463.01275491714478     
  0.60253180861472799        17.559707164764404     
   127.49573134779931        348.30808639526367     
   98.391542786359793        181.88760280609131     
   24.196212852001196        90.397524833679199     
   113.71017489433288        503.90610694885254     
   139.09175920486450        79.050350189208984     
   36.779770302772519        342.80465841293335     
   97.743452757596970        428.65022420883179     
   38.296379238367081        575.54000616073608     
   71.772378921508817        199.16152954101562     
   144.04144226312638        503.42556238174438     
   40.805548024177554        44.432759284973145     
   65.134566795825975        506.42616748809814     
   48.526375269889840        599.00300502777100     
   54.329173749685310        419.91051435470581     
   102.55127900838852        314.21778202056885     
   31.093864977359772        26.977014541625977     
   104.73164950013161        506.19964599609375     
   48.978204882144937        120.72165012359619     
   6.4973938107490596        231.01569414138794     
   143.66361907124519        424.42638874053955     
   111.42742125988006        195.12891769409180     
   86.073936694860464        190.85773229598999     
   10.618478363752359        357.70103931427002     
   95.355206692218786        536.48482561111450     
   63.901814430952101        366.34554862976074     
   63.348244976997393        109.10968780517578     
   50.528989183902738        504.25064563751221     
   55.875714051723492        313.60219717025757     
   140.70753477811814        487.14491128921509     
  0.25768672823906513        598.66862297058105     
   44.275978279113772        75.739645957946777     
   99.439587348699575        314.73534107208252     
   3.6950495243072510        244.07511949539185     
   66.909291326999693        402.55426168441772     
   139.14395593404771        16.167569160461426     
   35.119437199831012        358.13727378845215     
   93.304702591896060        428.42710018157959     
   1.2468156397342653        69.844651222229004     
   92.303833436965945        195.07151842117310     
   96.541015952825546        431.55469894409180     
   12.654731559753415        291.76000356674194     
   79.564025318622583        396.44569158554077     
   17.613420832157132        230.23577928543091     
   142.31340172886848        281.11345767974854     
   125.06659992933274        492.52842664718628     
   68.051204228401190        129.81212139129639     
   68.552594822645204        365.31769037246704     
   78.972090107202533        185.06222963333130     
   29.684088683128351        8.6561679840087891     
   87.289230585098267        417.24618673324585     
   3.1348236918449430        72.334742546081543     
   10.078722012043002        175.57686567306519     
   59.905280101299297        461.07047796249390     
   141.83619746565819        414.20910358428955     
   73.405675512552278        232.65230655670166     
   1.0504390716552763        168.72657537460327     
   11.228390264511106        302.24325656890869     
   9.9443257093429622        521.78546190261841     
   76.270592188835138        351.26731395721436     
   40.319802153110501        326.31529569625854     
   98.687631011009216        366.46142005920410     
   50.587735074758527        124.91333484649658     
   40.336563718318942        193.85790824890137     
   70.148088544607191        401.42401456832886     
   44.930554926395416        393.25228929519653     
   80.593494564294815        158.86523723602295     
   7.2124675571918431        165.07426500320435     
   88.420010805130005        162.87642717361450     
   40.301101750135430        333.22184085845947     
   11.102294331789011        343.56071949005127     
   17.012631297111511        59.420764446258545     
   94.090164190530771        262.51180171966553     
   123.61311490535735        488.13242912292480     
   82.562683629989621        212.30746507644653     
   102.81658706665038        12.961935997009277     
   106.59712414741516        556.84558153152466     
   51.495039671659470        440.46277999877930     
   71.754571992158901        289.26608562469482     
   122.21391733884812        315.82081317901611     
   115.18316444754601        248.04142713546753     
   146.99278221130371        278.94834280014038     
   94.822365826368326        107.54241943359375     
   15.474453908205035        492.30995178222656     
   101.71646192669868        239.99201059341431     
   10.202995258569715        485.08229255676270     
   119.37273375391959        336.08146905899048     
   119.07099877595901        415.14762639999390     
   144.02772744297982        320.85460424423218     
   116.01662344932555        431.88872337341309     
   136.57160069346429        91.728472709655762     
   39.607382023334509        319.11678314208984     
   131.43965795040131        406.15829229354858     
   101.55280436277390        165.98167419433594     
   53.602895843982708        285.26923656463623     
   96.723079073429105        436.20872497558594     
   5.7794162750244169        331.51359558105469     
   11.234590971469885        302.18464136123657     
   118.67649443149566        218.43130588531494     
   44.125061649084088        340.79071283340454     
   65.154955863952665        82.678127288818359     
   10.378303718566897        122.86655902862549     
   119.22207623124123        211.20507717132568     
   146.91614004373551        444.75388526916504     
   82.546127563714975        63.686764240264893     
   119.64486795067788        294.36138868331909     
   5.2693947255611420        316.93886518478394     
   98.331823009252545        376.10789537429810     
   97.939677435159680        424.79631900787354     
   37.833658182621008        127.33790874481201     
   113.30527051687241        419.83315944671631     
   20.012102669477457        52.586388587951660     
   42.279457855224607        400.26361942291260     
   98.989303445816034        307.69068002700806     
   99.638278013467783        308.48300457000732     
   147.13482664823533        578.23144197463989     
   14.010649263858795        390.36490917205811     
   139.09099081754684        83.832943439483643     
   68.851157969236397        122.29421138763428     
   40.977005612850192        11.278867721557617     
   63.234005439281475        140.93241691589355     
   60.915271621942537        157.29242563247681     
   101.64443901777267        479.43531274795532     
   71.101317685842531        65.175676345825195     
   102.14139798283577        49.091684818267822     
   123.94290495514869        29.827988147735596     
   32.935617899894709        591.35348796844482     
   7.0091129601001683        369.90033388137817     
   129.79806992411613        193.29174757003784     
   80.795330256223679        259.06834602355957     
   27.749611067771909        481.31554126739502     
   136.79672030806540        157.90042877197266     
   25.858154207468033        223.60593080520630     
   46.774577271938327        571.54998779296875     
   131.26204432845117        21.613812446594238     
   133.58021525740622        60.761153697967529     
   102.65724498033524        241.33118391036987     
   95.262115675210950        551.44575834274292     
   125.55557124018668        198.31466674804688     
   60.120678722858457        7.7822327613830566     
   49.647532778978345        524.77344274520874     
   56.983934062719356        358.90431404113770     
   24.255271458625799        260.34650802612305     
   72.786024749279051        225.24676322937012     
   9.1204804837703648        516.73339605331421     
   118.22022425532342        313.20347785949707     
   84.849904632568354        594.42375898361206     
   120.58158569931985        271.41555547714233     
   3.5564002871513338        36.608290672302246     
   36.410363632440564        231.87128305435181     
   8.7571851730346708        177.00237035751343     
   25.968641155958181        551.39683485031128     
   98.143380486965185        71.358740329742432     
   8.9526057243318746E-003   69.131648540496826     
   65.594446605443977        118.31163167953491     
   72.465812736749655        337.25849390029907     
   4.5960015237331362        35.104751586914062     
   143.20299767851830        540.29992818832397     
   20.068328964710233        323.01846742630005     
   16.906745737791056        91.971731185913086     
   16.293536919355390        46.517264842987061     
   120.58201456665992        348.00295829772949     
   91.224874687194827        383.68037939071655     
   49.921677291393280        565.72945117950439     
   146.60037752985954        329.67263460159302     
   106.37607877254486        81.591188907623291     
   16.611148923635483        68.524789810180664     
   65.161228048801433        383.02978277206421     
   129.30930411219597        575.38583278656006     
   36.831609642505640        217.45666265487671     
   43.770701074600225        450.61347484588623     
   94.097758716344828        574.93668794631958     
   41.074188739061356        476.37612819671631     
   79.945091819763178        12.486433982849121     
   5.4702297270298033        16.481781005859375     
   22.771363657712939        239.03574943542480     
   118.69590961337090        308.66575241088867     
   144.89651439189910        105.97826242446899     
   94.326148444414144        194.79804039001465     
   94.604939019680018        397.88868427276611     
   146.61754115819932        420.20387649536133     
   129.59985280036926        290.00494480133057     
   11.694256347417834        27.902913093566895     
   22.068780672550204        565.69544076919556     
   47.026447486877444        548.35402965545654     
   26.914231097698206        587.10014820098877     
   65.791234171390556        425.70322751998901     
   106.51151150465012        393.34076642990112     
   96.986591249704361        487.13421821594238     
   113.49824295043945        589.28006887435913     
   90.207092076539993        4.8236846923828125     
   35.301339495182035        96.395909786224365     
   107.95814358592034        508.71677398681641     
   111.54261681437492        5.3403854370117188     
   134.90411086678506        338.37418556213379     
  0.76763679981232258        153.10732126235962     
   48.612479323148733        509.18576717376709     
   41.052977675199514        23.782145977020264     
   133.63236731290817        22.628295421600342     
   76.340292066335678        304.34299707412720     
   1.2600301146507320        111.86023950576782     
   6.0571704208850861        552.55887508392334     
   120.56338564157485        333.67817401885986     
   88.868847280740738        270.52466869354248     
   34.655295521020889        49.133169651031494     
   21.642522275447845        77.242898941040039     
   34.028032362461090        161.94920539855957     
   90.660261899232864        465.15612602233887     
   81.038891166448593        386.88844442367554     
   87.632744389772412        214.54006433486938     
   10.169516801834106        374.47124719619751     
   60.606603288650518        187.14623451232910     
   16.439378619194031        197.22200632095337     
   19.893083047866824        554.49435710906982     
   1.7174886107444820        474.99539852142334     
   103.82194145917893        234.34875011444092     
   88.099736249446863        472.82341718673706     
   76.487080848217005        139.01524543762207     
   69.239470541477232        335.49016714096069     
   107.31886320710183        32.584011554718018     
   103.85651888847352        263.80319595336914     
   11.595867031812674        301.26754045486450     
   131.06677566766740        502.23087072372437     
   136.83295959830284        60.645782947540283     
   132.51375620365144        172.83807992935181     
   1.5133298873901424        119.24432516098022     
   46.486592853069311        188.14623355865479     
   136.33499100804329        386.67805194854736     
   122.04810650348662        211.79019212722778     
   139.08005470037460        394.02945041656494     
   35.354572653770447        494.74124908447266     
   66.284717524051672        34.566771984100342     
   85.295122539997095        573.47724437713623     
   81.500495380163187        153.14769744873047     
   2.1118231952190456        202.50881910324097     
   53.639921391010290        164.69585895538330     
   73.089734303951275        127.18112468719482     
   94.175633877515793        543.39891672134399     
   130.57941260933876        114.11647796630859     
   20.158784234523779        274.32521581649780     
   61.719683796167402        513.99865150451660     
  0.77602651715278625        43.755090236663818     
   65.554499399662035        504.46690320968628     
   126.61294366717338        410.02807617187500     
   58.572378277778654        342.41731166839600     
   62.857585000991833        422.94974327087402     
   88.130284112691882        131.67085647583008     
   64.429875212907803        29.147243499755859     
   102.21456453800201        507.37981796264648     
   24.969862729310989        439.67370986938477     
   111.91132657527923        45.549023151397705     
   47.306971400976181        141.48291349411011     
   31.254904663562769        460.85032224655151     
   75.426474046707156        122.50059843063354     
   90.641543626785278        22.389614582061768     
   113.32506095767022        185.69812774658203     
   66.496202731132513        120.40100097656250     
   114.14382231831550        498.49176406860352     
   139.27002506256105        150.46870708465576     
   70.288310295343422        94.205510616302490     
   93.233850133419040        206.71541690826416     
   114.56091367602349        86.105525493621826     
   134.18198761343956        503.32074165344238     
   25.639413994550708        61.876523494720459     
   12.194690924882892        542.19918251037598     
   113.74098186492920        149.67699050903320     
   28.745101511478424        458.50013494491577     
   22.650816196203237        590.55039882659912     
   16.405721467733386        42.856407165527344     
   81.102193772792816        378.28845977783203     
   138.71629478335382        64.743518829345703     
   57.511717867851274        127.12755203247070     
   35.444214862585071        286.04224920272827     
   139.29361276626588        247.58802652359009     
   96.263887238502505        23.101294040679932     
   117.60957077145576        500.46325922012329     
   26.733204406499866        188.01194429397583     
   16.948658585548401        572.66235351562500     
   98.045241343975064        91.484141349792480     
   130.23577371835708        138.84183168411255     
   21.472110050916669        437.28489875793457     
   52.403577262163168        38.142549991607666     
   45.000254803895956        426.32592916488647     
   147.95055019855499        329.05622720718384     
   8.4375181794166565        150.08811950683594     
   7.3692632436752348        585.89955568313599     
   107.79579942822457        458.29735994338989     
   2.1178005337715149        595.56663036346436     
   4.6750292658805819        279.01024818420410     
   141.88551720976830        555.92669248580933     
   11.959162342548368        125.77875852584839     
   11.558073097467428        436.05169057846069     
   30.882093858718875        159.90436077117920     
   24.703875631093979        262.78767585754395     
   30.553438520431513        120.21557092666626     
   73.395686477422743        173.76194000244141     
   144.99218754768373        220.99277973175049     
   53.378991353511822        181.82662725448608     
   68.583410727977764        322.05362319946289     
   73.821381986141233        559.99288558959961     
   53.050318145751959        280.78072071075439     
   119.70528463721274        333.25821161270142     
   37.585227841138845        382.24078416824341     
   111.98109793066979        522.84429073333740     
   110.42912530899048        236.77557706832886     
   107.11683095097541        471.67246341705322     
   44.770792907476434        230.09226322174072     
   129.98937156200410        476.29905939102173     
   103.87084127068519        3.8199305534362793     
   134.49078996777536        397.67078161239624     
   149.94693660140038        71.724665164947510     
   81.716841083765033        304.75291013717651     
   28.892256617546082        525.60396194458008     
   30.127072906494135        496.59379720687866     
   43.566703176498422        415.26582241058350     
   38.365766400098806        311.01858615875244     
   58.800276595354092        198.84581565856934     
   53.672640395164507        158.64837169647217     
   8.3154875516891451        6.9448471069335938     
   16.886580038070676        212.54854202270508     
   69.210638147592562        345.88558673858643     
   9.8915571570396423        193.78352165222168     
   65.161013615131395        139.58244323730469     
   60.183382701873796        177.63065099716187     
   53.416847831010841        261.04166507720947     
   66.380301332473778        478.14316749572754     
   123.90931928157806        46.656525135040283     
   67.790220582485205        381.31349086761475     
   37.838786721229553        523.64083528518677     
   57.910975492000603        103.03791761398315     
   54.738125562667875        519.86979246139526     
   19.649254095554355        22.092998027801514     
   53.580469655990612        589.48026895523071     
   105.74534893631935        233.37128162384033     
   34.234871506690979        68.860924243927002     
   53.761389130353933        376.33459568023682     
   11.537031793594366        26.505339145660400     
   126.07723475098609        225.69869756698608     
   20.675337076187134        471.14013433456421     
   79.867457896471024        280.49165010452271     
   112.38339336514473        113.40826749801636     
   83.271788972616193        348.51218461990356     
   5.1859264194965391        133.89619588851929     
   61.068940150737774        552.54650115966797     
   146.05065001249312        35.640263557434082     
   119.92520423531532        491.88444614410400     
   100.11719774603844        224.85945224761963     
   78.677297419309610        20.180010795593262     
   27.858141309022898        555.90358972549438     
   31.332065045833588        599.65807199478149     
   22.111265343427661        22.765803337097168     
   15.695445674657819        359.74863767623901     
   7.8508455276489286        3.4335136413574219     
   143.68500882983207        590.26483297348022     
   14.948117530345911        562.63718605041504     
   12.750029456615451        236.83211803436279     
   96.950888043642038        219.14513111114502     
   56.034457510709785        440.39626121520996     
   45.671557277441025        121.10821008682251     
   134.58474765419959        82.316029071807861     
   62.899756956100475        161.72021627426147     
   18.203542292118073        404.47111129760742     
   92.822280442714685        185.08529663085938     
   95.725864225625998        197.00925350189209     
   119.54360164999962        10.771179199218750     
   11.408594959974295        64.601755142211914     
   46.743109130859381        465.54576158523560     
   115.03231036067010        107.37540721893311     
   116.47755755782127        468.93482208251953     
   35.120107305049899        345.16822099685669     
   124.66165981292724        82.435512542724609     
   75.362420922517771        587.19420433044434     
   125.04416480660439        420.26048898696899     
   117.14161396026611        186.17069721221924     
   75.216516679525370        510.79072952270508     
   130.92326593399048        444.86103057861328     
   143.75497674942017        329.21490669250488     
   125.29612436890602        478.42079401016235     
   83.248755222558970        293.07990074157715     
   85.135646432638168        348.35944175720215     
   96.121244174242022        94.188380241394043     
   135.88011465072631        145.79486846923828     
   6.1110290110111265        49.168932437896729     
   71.819143331050896        85.005140304565430     
   117.06680341362953        430.03427982330322     
   59.682572865486151        491.32418632507324     
   100.31036674380303        597.69372940063477     
   117.92457383275033        273.44348430633545     
   131.10184450745584        138.66541385650635     
   120.44054195284843        166.76115989685059     
   147.77848504781724        194.56554651260376     
   2.6198076248169002        103.21687459945679     
   148.99197412133216        295.30642032623291     
   14.045566213130954        487.83860206604004     
   36.371202683448786        10.507142543792725     
   136.82113894224167        341.14347696304321     
   118.71078594923020        334.54105854034424     
   85.654781413078311        278.14511060714722     
   115.96534699797630        328.70854139328003     
   80.788852572441101        197.82232046127319     
   21.344879406690595        288.90277147293091     
   47.343603819608688        597.60918617248535     
   84.646996772289270        356.38657808303833     
   108.87355198860169        183.59996080398560     
   63.173088407516502        394.90803480148315     
   48.206154322624215        280.19725084304810     
   148.37091166973113        143.58776807785034     
   26.036580890417099        595.32301425933838     
   100.38800960183144        92.718708515167236     
   147.25365864038469        349.18252229690552     
   5.3826157033443423        128.77975702285767     
   108.40268245339394        511.72889471054077     
   27.663900142908091        591.81797504425049     
   114.90660755634308        591.25170707702637     
   66.252686494588858        221.23060226440430     
   85.653593093156815        544.34988498687744     
   140.10068749189378        482.83381462097168     
   57.515622347593336        591.78636074066162     
   87.166797894239423        509.32145118713379     
   36.631078422069550        586.07139587402344     
   92.858760970830915        150.15360116958618     
   36.904615372419357        355.10705709457397     
   98.417721563577658        508.91650915145874     
   50.080724531412130        428.51021289825439     
   59.795892125368141        308.04548263549805     
   79.281544697284701        499.27110671997070     
   109.77612117528915        191.20312929153442     
   23.313496649265289        337.46244907379150     
   31.144989538192746        291.01599454879761     
   135.59831306934356        161.92585229873657     
   65.852428179979341        13.765132427215576     
   101.35604360103608        459.99319553375244     
   93.613755118846896        464.23691511154175     
   121.96737222671509        287.38710880279541     
   131.33199437856675        412.87987232208252     
   20.308726978302005        231.28774166107178     
   134.35769813656808        410.37987470626831     
   53.612036079168348        347.16167449951172     
   29.116938430070874        420.98722457885742     
   112.57079052329064        199.15512800216675     
   146.42673093080521        565.35236835479736     
   19.945503145456314        15.898096561431885     
   14.293817859888080        562.07038164138794     
   134.33748776316642        539.00499343872070     
   87.799144917726522        31.131899356842041     
   136.18342214226723        93.284833431243896     
   125.21332616806029        78.508543968200684     
   71.223151749372505        433.92877578735352     
   109.82561961412429        70.956766605377197     
   70.315284264087694        446.67459726333618     
   47.879080432653424        177.10733413696289     
   48.462018364667898        21.408927440643311     
   87.629393863677976        522.61562347412109     
   3.6319256126880646        123.66982698440552     
   55.334340512752561        271.73967361450195     
   47.236136811971662        470.89040279388428     
   40.898004674911505        48.359370231628418     
   54.656345921754848        109.65814590454102     
   142.53464366793634        467.92359352111816     
   135.25642538666725        553.24798822402954     
   135.35211641192436        487.35265731811523     
   20.315955179929730        333.22345018386841     
   99.938020545244214        135.66430807113647     
   3.1613955974578829        87.740385532379150     
   90.326442283391955        234.93651151657104     
   47.599494665861130        341.94645881652832     
   49.349327021837240        461.81777715682983     
   43.286357957124707        424.05592203140259     
   138.60458377599716        258.50944519042969     
   38.721887117624291        520.87787389755249     
   37.708973938226706        3.4102678298950195     
   102.45777699351311        13.804507255554199     
   49.201743048429492        77.636110782623291     
   30.477386045455930        94.604730606079102     
   41.688970071077350        289.08952474594116     
   47.458227550983437        289.38467502593994     
   53.398415470123297        389.38747644424438     
   118.23840644359589        229.49534654617310     
   56.226179081201565        408.03630352020264     
   145.31275694966317        316.58113002777100     
   127.74957613945007        524.83384609222412     
   136.01092812418938        70.574927330017090     
   43.905883634090429        390.46425819396973     
   137.68251006007193        350.72329044342041     
   129.23326057195663        37.706780433654785     
   100.71357352137565        103.61634492874146     
   33.072095996141428        490.86992740631104     
   18.609643924236295        414.37690258026123     
   59.050341993570356        17.772388458251953     
   71.119803655147564        255.83478212356567     
   86.180331534147257        425.70780515670776     
   90.970449137687680        453.59147787094116     
   127.35309721827507        544.84133720397949     
   109.33688060641288        141.83331727981567     
   25.924878817796710        67.159473896026611     
   126.09880320429801        120.78723907470703     
   43.033022445440295        167.17679500579834     
   35.842516469955441        178.72331142425537     
   97.629186415672308        443.71583461761475     
   94.225713074207306        154.32490110397339     
   87.163027435541153        211.37137413024902     
   105.22904626727104        583.19524526596069     
   17.938207429647449        512.72764205932617     
   20.495507639646533        469.84326839447021     
   3.9402722954750118        202.64393091201782     
   52.836259734630588        29.641556739807129     
   51.440171456336984        7.6221585273742676     
   91.296638488769531        122.18964099884033     
  0.77081756591796591        137.19581365585327     
   68.319022947549826        288.00208568572998     
   146.75724469423295        550.03988742828369     
   5.8674591660499544        89.841878414154053     
   135.05806530714034        148.85079860687256     
   110.71635027527809        166.15530252456665     
   118.19369702339172        69.524788856506348     
   145.53016588687896        591.80989265441895     
   3.8821607708930941        491.88641309738159     
   136.52674831748010        377.13965177536011     
   87.992206698656076        495.95557451248169     
   123.54886521697044        184.55543518066406     
   25.724535226821899        118.76124143600464     
   28.144356650114062        431.21985197067261     
   22.746239179372793        157.97767639160156     
   79.767505002021792        445.24687528610229     
   28.998410218954092        447.36449718475342     
   123.42959542274474        541.12429618835449     
   116.73152743577957        372.26768732070923     
   57.746201086044323        168.46919059753418     
   54.748096728324896        120.25877237319946     
   26.505404371023175        123.11668395996094     
   87.862063330411914        97.301137447357178     
   76.666552895307547        123.66700172424316     
   139.41774305701256        399.25192594528198     
   98.424449419975275        199.82922077178955     
   2.2997653722763118        484.05554294586182     
   13.357502174377444        157.17644691467285     
   62.974746197462110        579.63484525680542     
   148.86283144354820        116.29693508148193     
   50.981247663497925        233.53697061538696     
   100.45622631311417        310.12065410614014     
   31.042731481790540        68.769514560699463     
   50.277932029962543        563.40930461883545     
   2.2890794277188320E-002   171.13913297653198     
   57.240289515256904        35.852873325347900     
   149.15329971909523        136.92934513092041     
   145.55982921123504        327.64002084732056     
   141.00181818604469        355.67171573638916     
   88.157383167743689        392.63051748275757     
   109.23278199434280        534.38826799392700     
   12.567260491847989        339.04659748077393     
   105.59127834439278        230.45890331268311     
   61.775481224060087        301.18710994720459     
   48.924551790952691        297.27551937103271     
   1.1848979175090761        224.79028701782227     
   116.35761765837668        501.12283229827881     
   144.23350335359572        517.22252368927002     
   98.058607709407809        25.122284889221191     
   35.853068393468860        82.431650161743164     
   99.493579959869379        386.52337789535522     
   116.87881656289100        530.92045783996582     
   4.4990060269832668        222.58683443069458     
   24.694771134853369        450.18618106842041     
   76.063395655155176        87.589144706726074     
   18.091759806871409        425.29495954513550     
   115.33515324592591        557.76826143264771     
   29.672527134418488        515.91088771820068     
   28.006029063463217        150.63103437423706     
   90.721473777294165        295.00747919082642     
   65.675028991699236        109.36986207962036     
   148.62058393955232        542.08767414093018     
   74.947945010662096        123.59758615493774     
   143.82696391940118        419.12988424301147     
   71.449236315488832        315.98911285400391     
   24.049817198514944        596.16107940673828     
   77.041436558961863        242.40825176239014     
   36.287725442647940        492.63728857040405     
   139.16093193292619        518.82437467575073     
   46.461477309465408        41.412341594696045     
   24.660488551855082        351.81627273559570     
   36.833271503448486        261.05525493621826     
   45.252089279890058        76.318323612213135     
   43.429018890857705        475.42126178741455     
   107.23939766287803        524.93137121200562     
   43.339144378900528        69.718337059020996     
   88.478390371799463        537.57880926132202     
   95.258783018589014        162.02234029769897     
   125.77503516674042        145.13468742370605     
   10.304306232929235        103.30789089202881     
   130.81026832461356        125.57995319366455     
   83.066575950384134        141.66190624237061     
   65.969687658548366        290.98227024078369     
   43.846699941158292        104.19638156890869     
   76.505834859609607        21.711730957031250     
   1.8978273272514343        347.55771160125732     
   143.78606069684028        533.10223817825317     
   68.865462481975584        424.39745664596558     
   42.482714170217520        283.67546796798706     
   138.91917583942413        487.67716884613037     
   116.13529461622238        347.21456766128540     
   114.00136688351631        5.6297779083251953     
   140.08698160648345        49.855399131774902     
   35.592370659112930        23.990678787231445     
   62.786857628822332        81.536006927490234     
   126.11867405772209        30.015456676483154     
   50.925834429264071        69.745123386383057     
