   90.287728071212769        533.30844640731812     
   28.932177019119266        80.834770202636719     
   124.77628354430198        24.615454673767090     
   141.79446331262588        115.73653221130371     
   134.88164000511171        102.55204439163208     
   17.537421965599066        187.52782344818115     
   11.177846461534500        591.77055358886719     
   71.296434456110006        566.33917093276978     
   136.50559979677200        326.37251615524292     
   63.263972544670111        30.640733242034912     
   60.971158397197740        18.204009532928467     
   125.89872765541077        345.45950889587402     
   143.30728392004966        154.62541580200195     
   34.127976322174078        391.71727895736694     
   54.851552039384870        231.18152618408203     
   121.91057410836220        597.92650938034058     
   65.353458899259579        214.98037576675415     
   117.72963575720786        29.640376567840576     
   52.737968701124188        461.13309860229492     
   118.59065842032433        399.88464117050171     
   99.800738322734830        25.151431560516357     
   72.653710240125662        219.76103782653809     
   112.75513200163840        152.65266895294189     
   72.152998685836820        2.8519749641418457     
   5.1089268624782562        188.14362287521362     
   11.106493657827372        108.10550451278687     
   42.832160639762876        79.826474189758301     
   18.360570281744003        10.519909858703613     
   48.779013872146606        595.21025419235229     
   40.291514778137213        560.20960807800293     
   93.209896105527875        109.08765792846680     
   77.109358423948294        133.36483240127563     
   133.38242700099946        32.414817810058594     
   46.727062344551086        388.96826505661011     
   21.417661768198016        579.60956096649170     
   121.34147608280182        272.40260839462280     
   38.949436980485913        391.90113544464111     
   70.530575668811821        394.47587728500366     
   3.9858483850955935        358.66463184356689     
   11.206267857551580        508.80446434020996     
   89.460058778524399        386.59447431564331     
   109.56346551775931        461.85643672943115     
   100.50079277753829        416.63399934768677     
   102.19109298586845        300.50225257873535     
   19.490206855535504        261.19487285614014     
   69.193733626604086        137.87741661071777     
   123.29519018530846        327.21326351165771     
   122.07605435848237        210.13909578323364     
   50.731262677907949        229.55231666564941     
   56.431928187608747        14.963507652282715     
   78.522512048482895        486.46284341812134     
   75.231580644845963        397.75103330612183     
   138.08568109869958        43.579459190368652     
   92.874923908710485        573.44763278961182     
   125.65043133497238        83.978176116943359     
   77.053587800264353        511.38839721679688     
   60.780803841352480        135.43628454208374     
   31.674613898992533        598.33127260208130     
   142.71005934476852        479.10958528518677     
   61.596581000089657        85.445988178253174     
   143.86731318831443        421.54705524444580     
   92.662161034345630        201.69070959091187     
   134.31051379442215        300.83391666412354     
  0.60437236428261087        442.43448972702026     
   64.024854683876043        517.49972105026245     
   58.723661231994640        221.09935283660889     
   21.429410946369174        498.79081249237061     
   119.30610742568970        364.50630426406860     
   26.692917680740351        128.99447679519653     
   95.382162791490558        104.32033538818359     
   29.460604125261312        50.687599182128906     
   126.11611872315407        94.382214546203613     
   71.667074120044731        135.38049459457397     
   111.93134038448333        42.326331138610840     
   11.700957399606708        28.125607967376709     
   104.35551497340202        165.83136320114136     
   4.1719857454299927        343.58232021331787     
   142.47698781490325        261.74447536468506     
   32.164174902439115        324.36118125915527     
   98.670923054218292        424.30815696716309     
   107.35995405912399        367.55508184432983     
   139.99188027381896        359.72431898117065     
   137.25632314085959        144.82870101928711     
   143.06913745999336        448.59588146209717     
   85.128141254186630        347.22282886505127     
   49.373906481266019        203.25157642364502     
   70.393025404214882        24.667632579803467     
   149.73538885116577        190.25559425354004     
   35.929889255762106        171.15776538848877     
   41.236220180988312        351.78920030593872     
   59.947952401638048        171.56120538711548     
   109.43495720624924        522.51960039138794     
   19.403888368606573        296.86499834060669     
   120.08971953392029        401.91686153411865     
   64.312419170141226        378.49967479705811     
   56.916923540830624        523.64305257797241     
   76.997951197624204        359.53971147537231     
   15.725591474771505        427.26262807846069     
   68.016394495964079        429.44337129592896     
   78.528882515430453        238.23273181915283     
   109.24566588401794        290.66501855850220     
   103.71602909564972        18.407356739044189     
   120.96302745938300        422.87081480026245     
   139.02292599678040        455.46226501464844     
   15.596091407537457        409.97182130813599     
   144.24015079736711        540.48235416412354     
   63.188625913858431        436.14925146102905     
   63.623470592498791        58.636772632598877     
   30.441950881481176        265.06505012512207     
   103.78687261939049        278.27346324920654     
   129.13909738659859        206.20672702789307     
   95.435145777463916        466.50702953338623     
   62.801787573099148        123.29306602478027     
   36.198815882205963        578.73054742813110     
   14.228138613700864        174.33929443359375     
   119.51591290235518        569.22433376312256     
   49.992940747737890        135.11384725570679     
   123.93877710700035        563.23646306991577     
   94.581976747512812        464.80933427810669     
   45.530790507793427        24.203681945800781     
   103.59564245939255        390.82120656967163     
   62.541071969270718        497.89402484893799     
   30.141672265529635        165.16209840774536     
   81.730546969175336        515.59832096099854     
   127.63103899359703        563.89038562774658     
   122.51819871664047        550.55569410324097     
   7.8259712219238224        70.178103446960449     
   14.096521013975149        304.75040674209595     
   63.656109184026747        43.130028247833252     
   45.400575661659246        11.710488796234131     
   50.413829368352893        161.41566038131714     
   54.518143421411537        369.58605051040649     
   125.77638431191444        574.42120313644409     
  0.26915892958641052        537.84373998641968     
   73.041710096597683        225.44574737548828     
   109.82567322254181        23.450839519500732     
   125.55994032621383        137.15554475784302     
   119.82492969036102        501.85110569000244     
   41.331026667356497        11.176693439483643     
   12.937846547365183        135.56345701217651     
   104.41968424916267        183.17824602127075     
   50.192569559812554        263.82350921630859     
   52.973783195018768        461.57011985778809     
   95.107240957021716        76.345145702362061     
   60.020002114772808        346.10112905502319     
   77.097385877370840        222.07893133163452     
   86.148354113101959        53.112387657165527     
   105.92439211606980        289.60236310958862     
   65.679085361957561        441.24394655227661     
   43.776097655296326        548.48316907882690     
   23.034956246614456        231.32393360137939     
   28.690242230892181        34.723770618438721     
   27.538867443799973        113.76854181289673     
   34.580529648065564        63.180148601531982     
   83.050788271427152        536.77951097488403     
   77.900993925333026        529.12030220031738     
   9.1655204892158508        188.63382339477539     
   117.11678432822228        420.62687873840332     
   106.15897361636162        225.22505521774292     
   22.460014903545385        33.510982990264893     
   96.904543566703794        54.109025001525879     
   113.59378208518028        257.30699300765991     
   87.857819330692294        435.06832122802734     
   137.00256769657136        598.74529838562012     
   17.002302742004389        310.29968261718750     
   106.01910925507545        266.45675897598267     
   105.39713546037675        99.007773399353027     
   48.304472160339358        503.31873893737793     
   102.53498204946519        571.37467861175537     
   62.858442735672014        389.59057331085205     
   102.62268542051315        255.31196594238281     
   18.762570869922641        349.42721128463745     
   33.219912272691730        495.76159715652466     
   17.486315274238592        46.133852005004883     
   85.450283169746399        198.56039285659790     
   64.074138689041149        104.79741096496582     
   66.027289903163933        421.05985879898071     
  0.88388665318488790        45.838522911071777     
   78.642469817399984        20.436859130859375     
   47.599155145883557        474.08505678176880     
   148.97714245915412        31.820368766784668     
   84.855015301704412        430.02351522445679     
   45.782767939567563        60.209155082702637     
   143.94091754555703        13.859975337982178     
   9.0870824396610317        512.57354021072388     
   28.358834993839267        283.16270112991333     
   120.77571964859962        39.383339881896973     
   32.117088842391965        571.47910594940186     
   54.312957203388237        437.42977380752563     
   108.49605044722557        47.223365306854248     
   128.25823960900306        206.73054456710815     
   132.47019042968751        184.15381908416748     
   3.9103766679763794        203.01336050033569     
   9.9323799669742527        335.70080995559692     
   63.559560424089455        70.114874839782715     
   35.046422535181051        169.07569169998169     
   102.29051873087883        377.04713344573975     
   102.57105157971382        373.66354465484619     
   133.18181536793708        494.85204219818115     
   129.26268265843390        388.83279561996460     
   14.842884206771856        173.69345426559448     
   43.365215939283374        388.17654848098755     
   9.1921281337738066        412.39281892776489     
   98.389184015989301        260.52142381668091     
   138.06618550419807        34.616661071777344     
   85.098656624555588        382.95350074768066     
   58.144806474447279        567.87747144699097     
   81.263296002149588        422.16793298721313     
   131.30686096549033        445.59477567672729     
   25.013660806417462        536.15877628326416     
   2.1197929799556761        293.83338689804077     
   32.862183302640915        185.10997295379639     
   132.54826215505599        360.27027368545532     
   110.19292662143707        108.57167243957520     
   10.999616342782971        554.39307689666748     
   136.99039858579636        495.40046453475952     
   96.400186640024188        423.35271835327148     
   123.50856062173844        412.76571750640869     
   19.911202692985540        514.39433097839355     
   54.912102746963512        570.55331468582153     
   77.347102820873260        207.85932540893555     
   69.967758762836468        386.35607957839966     
   81.977512013912204        192.36330986022949     
   149.50270151495934        556.12764358520508     
   51.575112777948377        371.14251852035522     
   90.998513144254687        20.481133460998535     
   71.133312976360344        377.18310356140137     
   23.012583667039877        512.36346960067749     
   64.129283881187462        496.20687961578369     
   97.485265684127810        187.90311813354492     
   132.58565402626991        552.64520645141602     
   112.71539922952653        312.04433441162109     
   41.159292101860046        594.67173814773560     
   141.01242371797562        190.96895456314087     
   125.66914960741997        457.61010646820068     
   98.937794691324228        520.11044025421143     
   114.77904632687569        64.895725250244141     
   100.32756611108780        136.65139675140381     
   108.67986477613448        582.09475278854370     
   104.31904338002205        159.15634632110596     
   127.00210503935813        98.870337009429932     
   148.49681103825569        428.31244468688965     
   19.120103275775904        225.25330781936646     
   141.33740687966346        327.64606475830078     
   55.670232987403892        586.67017221450806     
   146.52068861722947        30.415785312652588     
   130.19244918227196        373.14194440841675     
   97.441530150175097        339.27927017211914     
   24.785637402534491        12.021946907043457     
   3.2663251399993953        300.56204795837402     
   93.745167219638830        529.92407083511353     
   13.944737714529040        424.69046115875244     
   44.019426262378701        202.16034650802612     
   49.576716059446341        553.49332094192505     
   32.900030845403677        500.52376985549927     
   6.5806744873523684        328.51617336273193     
   121.87584478855132        239.85060453414917     
   71.671085816621797        51.607632637023926     
  0.94841331839560894        319.83443498611450     
   93.474855709075925        181.54982328414917     
   9.4267096340656309        94.737803936004639     
   29.391931742429733        449.58536624908447     
   1.2462706208229122        282.01664686203003     
   120.54488180279731        441.86875820159912     
   41.337897479534149        577.78873443603516     
   46.512941390275955        402.84751653671265     
   1.6074841380119267        222.04456329345703     
   77.242351973056799        200.13252496719360     
   75.684178644418722        372.43784666061401     
   119.86763772964477        7.2151422500610352     
   50.136763197183612        581.22836351394653     
   15.710536444187170        364.38002586364746     
   94.893816912174231        422.60423898696899     
   121.37816210985184        370.90576887130737     
   29.977576899528501        452.74844169616699     
   77.288750058412546        32.651352882385254     
   66.981046193838125        332.85326957702637     
   78.917534607648847        386.05592250823975     
   90.236889421939850        168.70640516281128     
   35.080035012960437        300.05013942718506     
   147.61874089837073        596.39868736267090     
   45.962043422460553        395.96951007843018     
   107.52496970295905        99.558019638061523     
   3.3631330072879848        193.09580326080322     
   81.298463124036786        455.75037002563477     
   100.60968934297561        2.6250600814819336     
   105.55614696145058        131.20461702346802     
   62.314781904220609        498.39835166931152     
   133.83984975814820        514.21548128128052     
   6.1874835491180420        75.392711162567139     
   145.70263310074807        285.31644344329834     
   77.776452636718744        417.90415048599243     
   111.97796183824539        134.87781286239624     
   44.494209212064746        399.06224012374878     
   18.027751356363297        215.38006067276001     
   46.771003377437594        449.65385198593140     
   106.33786490559578        228.58271598815918     
   26.191178631782535        58.610093593597412     
   101.13496248722076        451.33280754089355     
   26.025001472234720        582.79398679733276     
   40.258634948730474        373.67026805877686     
   33.824793916940692        94.183552265167236     
   125.77369495630265        432.74610042572021     
   79.432237958908075        161.75698041915894     
   20.484857434034353        303.84482145309448     
   107.02868084311486        445.29830217361450     
   5.9843523204326630        27.380418777465820     
   126.92555221915245        140.78199863433838     
   87.027835941314692        371.09313011169434     
   24.501709353923800        386.97806596755981     
   13.540226465463633        529.40883636474609     
   83.155485510826111        412.80630826950073     
   112.64828149080276        98.079407215118408     
  0.68785853981971457        358.12894105911255     
   124.57953171730041        246.11831903457642     
   31.628421312570566        55.175757408142090     
   141.95381433367729        577.23705768585205     
   9.9653491437435093        410.67477464675903     
   18.811479616165158        293.81375312805176     
   71.522322458028810        477.20961570739746     
   42.315652471780780        293.71190071105957     
   52.167941462993625        174.14216995239258     
   36.167437088489535        244.69717741012573     
   54.239603018760704        465.13634920120239     
   108.75571175217628        328.44468355178833     
   112.00950145721436        588.85535001754761     
   52.860124415159234        475.40262937545776     
   95.656861257553103        216.83113574981689     
   130.96881521940230        573.07165861129761     
   26.096765273809439        407.00415372848511     
   59.244404464960127        485.70781946182251     
   115.50433247685433        110.72748899459839     
   114.06316845417022        582.74703025817871     
   24.916352593898779        178.67907285690308     
   116.22609834074973        325.90588331222534     
   134.30142716765403        509.88918542861938     
   120.66884233355522        508.56953859329224     
   20.620013189315799        61.453270912170410     
   118.73353378772735        207.05054998397827     
   47.770523387193677        542.27807521820068     
   49.965502172708511        467.93764829635620     
   126.51030141711234        352.68394947052002     
   115.07691256403922        101.63712501525879     
   102.56501169800758        338.27244043350220     
   95.968201076984400        312.79671192169189     
   142.36657234430314        207.38396644592285     
   5.6759520292282133        141.28117561340332     
   119.66716905236244        276.79234743118286     
   5.2849411666393280        516.84983968734741     
   36.401500374078751        179.47114706039429     
   140.51686750650407        33.536088466644287     
   40.614710992574700        113.87779712677002     
   84.937813502550128        536.10194921493530     
   37.810418933629990        161.40850782394409     
   148.92192578911781        562.79221773147583     
   12.533665883541104        203.71938943862915     
   130.32503173351287        452.36874818801880     
   27.230422478914264        507.29752779006958     
   52.627017146348962        470.21791934967041     
   36.218374019861216        556.65764808654785     
   91.051755237579343        231.46630525588989     
   114.53146478533745        585.31608581542969     
   103.93468889594078        2.0262837409973145     
   46.818929302692410        597.64527082443237     
   104.90810160636902        26.073575019836426     
   103.40887966752052        305.76639175415039     
   19.384634011983877        173.88464212417603     
   3.5694896757602663        595.06226778030396     
   28.575386196374893        460.74403524398804     
   113.05103259682656        298.84604215621948     
   76.707599073648453        457.11683034896851     
   65.481216692924505        195.63091993331909     
   116.38636070489883        318.69549751281738     
   16.488063997030252        324.22989606857300     
   118.57714909911155        157.46283531188965     
   123.37215400338172        580.53756952285767     
   97.376002794504160        541.06543064117432     
   38.783786970376966        6.0277462005615234     
   109.27180892229080        247.22671508789062     
   59.940643787384062        261.50225400924683     
   90.370410120487207        481.34329319000244     
   13.631316101551050        273.97491931915283     
   104.55222212672234        105.68296909332275     
   67.830158853530889        294.51556205749512     
   131.13727073669435        391.17729663848877     
   30.680803185701365        82.850003242492676     
   132.04473615884780        503.80804538726807     
   127.39968293309212        498.13467264175415     
   127.09175618290901        540.94812870025635     
   73.189669328928005        557.36321210861206     
   132.44772850275041        95.887398719787598     
   48.038922864198682        148.92035722732544     
   117.47194009423256        230.62148094177246     
   146.20553366541861        421.20405435562134     
   10.706574863195414        212.42251396179199     
   136.95100533366204        185.17248630523682     
   89.566712725162503        168.08209419250488     
   110.15757187008857        251.48828029632568     
   98.839307093620306        299.81367588043213     
   146.04721907377242        37.818539142608643     
   64.176772004365944        298.81381988525391     
   66.119773358106642        70.698881149291992     
   17.825897794961932        216.50372743606567     
   27.967341655492788        595.18729448318481     
   7.4184847056865664        570.14454603195190     
   103.01070314645767        502.41283178329468     
   2.6471925914287624        216.35516881942749     
   23.738137859106061        175.66344738006592     
   121.22768328189849        17.674612998962402     
   113.21888055205345        578.45263481140137     
   147.82641097307206        68.837356567382812     
   99.151629734039304        252.29676961898804     
   147.30922376513482        125.39509534835815     
   46.754911917448041        545.82892656326294     
   101.31563178896904        473.13419580459595     
   21.304494398832318        347.21882343292236     
   129.09765807986258        577.48389244079590     
   38.858695799112326        571.74410820007324     
   3.0377924561500578        174.44018125534058     
   74.474341446161276        168.97977590560913     
   99.761237853765493        443.56241226196289     
   13.643101018667224        174.73915815353394     
   64.432260787487053        285.33983230590820     
   2.0129067301750183        182.28843212127686     
   102.14111207127571        230.32947778701782     
   49.658906698226929        552.22903490066528     
   107.01459076404572        548.43567609786987     
   121.13905963301659        517.07253456115723     
   37.230250769853598        313.22726011276245     
   37.663692694902423        43.451321125030518     
   40.999565821886065        148.68979454040527     
   95.133875405788416        538.44197988510132     
   129.69113006591797        434.98399257659912     
   53.233685737848305        372.41603136062622     
   30.532808214426041        457.23570585250854     
   138.86365538835526        305.83469867706299     
   140.32428820133208        86.625015735626221     
   135.37433710098267        584.34026241302490     
   135.47917729616165        407.17499256134033     
   14.568248283863070        12.840700149536133     
   120.22162304520606        24.156582355499268     
   100.21178979873658        475.34687519073486     
   45.849483615159997        423.52709770202637     
   104.13720362782479        429.94759082794189     
   30.684278798103335        312.15165853500366     
   67.258621644973772        475.10361671447754     
   51.776823383569720        84.923672676086426     
   102.98956356048583        122.89985418319702     
   25.242908269166946        201.46547555923462     
   78.655121403932569        373.48937988281250     
   26.012778753042227        534.36534404754639     
   129.67039254307747        164.94548320770264     
   78.229819023609167        306.32840394973755     
   17.730099552869802        514.38120603561401     
   92.056019592285153        507.43077993392944     
   27.676864445209503        379.84439134597778     
   30.460472589731211        64.030122756958008     
   31.363970988988882        165.69703817367554     
   117.54225646853448        159.61768627166748     
   108.00948258042335        545.28983831405640     
   68.677430957555799        424.21220541000366     
   97.333089256286627        250.24777650833130     
   107.54398282170295        357.67983198165894     
   98.471562284231183        583.78990888595581     
   88.897769021987912        501.10470056533813     
   59.718061637878435        220.34729719161987     
   83.337923890352243        258.81729125976562     
   128.40699403285981        482.47761726379395     
   138.46189603805541        506.86129331588745     
   59.950489866733562        598.91195297241211     
   120.35706471204757        298.94821643829346     
   142.33746297359465        105.06141185760498     
   130.25241019725800        409.44882631301880     
   59.952580595016485        67.877948284149170     
   52.577438294887543        543.84434223175049     
   69.054262393713003        301.34639739990234     
   5.2410984158515959        76.603817939758301     
   98.410984772443769        42.944204807281494     
   60.481293612718588        551.62096023559570     
   31.915244215726858        7.3276519775390625     
   110.52600465416907        196.02087736129761     
   49.348674786090854        83.984076976776123     
   139.05590410828592        170.85474729537964     
   67.484080779552471        534.52835083007812     
   116.83459855318068        361.18226051330566     
   73.175498837232595        578.58180999755859     
   76.899168753623968        227.78627872467041     
   95.521785914897919        307.49101638793945     
   40.561513572931290        570.10520696640015     
   35.123815220594409        68.195629119873047     
   33.464170092344290        343.10921430587769     
   127.36623128056526        179.84894514083862     
   67.657352119684248        419.76810693740845     
   22.254846554994586        430.49483299255371     
   46.133670771121984        240.15294313430786     
   148.21865482926370        391.82167053222656     
   43.082922947406772        30.240118503570557     
   109.54883935451508        22.090315818786621     
   22.457039636373523        324.18293952941895     
   70.461161702871351        560.72630882263184     
   64.546241217851644        574.93747472763062     
   139.50191720724106        107.63028860092163     
   125.78125374317169        262.67774105072021     
   82.988709723949427        43.728089332580566     
   12.594547176361090        109.07481908798218     
   133.92425621151924        598.96259307861328     
   11.808674579858774        21.737265586853027     
   106.49364203214645        522.35105037689209     
   41.290078771114352        226.51340961456299     
   28.629137569665914        560.60088872909546     
   52.858096230030057        354.06396389007568     
   58.326056534051901        213.05741071701050     
   97.723465752601626        196.46841287612915     
   80.107328760623929        150.87869167327881     
   30.215303426980967        195.36892175674438     
   128.35462754368783        137.32398748397827     
   34.863591027259830        145.60271501541138     
   13.696119743585584        325.30016899108887     
   38.161169874668118        60.613524913787842     
   10.312785297632217        48.873317241668701     
   96.662108433246615        373.73753786087036     
   11.252460443973547        346.98994159698486     
   101.79666011929513        154.78094816207886     
   16.656975185871119        441.29251241683960     
   81.192649042606348        251.19996070861816     
   137.56516123414039        211.19116544723511     
   49.462610542774200        440.64034223556519     
   57.533625841140775        544.62336301803589     
   55.376306968927395        534.69024896621704     
   73.641641896963137        65.421259403228760     
   142.35692282915116        526.31546258926392     
   24.305868870019907        77.519345283508301     
   26.829869318008420        317.46858358383179     
   105.45915146470070        266.10367298126221     
   125.90895792841911        482.51870870590210     
   147.18357456922530        274.51593875885010     
   89.449980396032331        577.77228355407715     
   76.756552493572229        381.63278102874756     
   56.136769175529508        106.04678392410278     
   142.89192590117455        54.002094268798828     
   132.29804486632347        316.58670902252197     
   49.762504965066910        99.901199340820312     
   86.201748096942907        362.66148090362549     
   113.97634068727493        572.90582656860352     
   71.279199349880230        345.81685066223145     
   80.393034821748728        162.41912841796875     
   38.747092008590698        17.971014976501465     
   72.936012166738522        234.50009822845459     
   99.519446021318430        302.31120586395264     
   108.17098687291144        60.346519947052002     
   108.30837631225586        223.29894304275513     
   31.875055772066119        553.85080575942993     
   6.3478709995746669        463.48725557327271     
   69.441413450241100        518.62471103668213     
   23.766309082508087        380.50500154495239     
   129.64893130660056        241.93700551986694     
   147.90819954872131        435.23651361465454     
   32.371478652954096        533.83959531784058     
   3.2459360718727055        139.27316665649414     
   18.687939018011093        456.89756870269775     
   16.965223586559290        565.81059694290161     
   48.797044169902804        295.24841308593750     
   39.720504719018933        567.16904640197754     
   36.803769004344943        55.660128593444824     
   41.383142983913430        504.29960489273071     
   9.8965070009231511        289.28328752517700     
   68.172064405679720        330.96588850021362     
   5.5464787662029238        500.08288621902466     
   45.779712259769440        88.660025596618652     
  0.20954636931419657        221.79096937179565     
   85.617478889226916        188.19658756256104     
   26.381917381286627        280.29878139495850     
   29.048319655656812        570.04662752151489     
   98.587972962856298        102.52922773361206     
   120.42426286339759        383.57520103454590     
   114.44832706451416        279.91397380828857     
   61.517883843183540        434.47891473770142     
   29.105609184503550        298.17849397659302     
   2.0472339868545504        369.66887712478638     
   26.750618207454679        340.45096635818481     
   1.3185526371002254        314.75440263748169     
   16.080863392353052        177.36951112747192     
   43.681443059444433        354.24388647079468     
   27.798332184553146        447.62778282165527     
   121.93625254034995        402.02171802520752     
   30.275318050384527        235.83551645278931     
   16.646539413928991        270.84406614303589     
   91.685388863086700        39.582610130310059     
   33.195377486944196        324.08784627914429     
   8.4754461348056793        284.79727506637573     
   78.665503567457193        538.15577030181885     
   92.334336626529691        456.10249042510986     
   66.824045008420967        522.46438264846802     
   22.180741852521891        395.65358161926270     
   106.27332037091256        554.84218597412109     
   38.028363955020907        304.02284860610962     
   35.749005520343786        313.57119083404541     
   106.36235501766205        328.31600904464722     
   34.189313286542898        457.04991817474365     
   138.67236268520355        89.195251464843750     
   5.4238584458828001        43.172514438629150     
   77.129023778438565        131.77964687347412     
   87.227259254455561        91.688919067382812     
   11.557242166996005        187.39078044891357     
   125.80765588879585        192.58589744567871     
   122.82429384589196        506.45070075988770     
   24.946123135089877        530.21879196166992     
   79.325458925962451        18.871665000915527     
   105.42320702075958        169.79298591613770     
   147.07445463538170        213.07808160781860     
   78.979371917247775        128.74928712844849     
   69.590668219327938        390.91494083404541     
   20.267591452598566        543.25729608535767     
   23.881736940145487        423.13249111175537     
   113.95154679417610        224.13901090621948     
   74.486322927474987        452.20584869384766     
   116.26541118025779        406.35466575622559     
   57.983436203002952        167.07319021224976     
   92.830250227451330        224.95461702346802     
   137.83523150682450        529.13321256637573     
   69.235101455450064        342.75054931640625     
   11.299859219789511        505.88604211807251     
   50.773434633016592        100.85906982421875     
   75.201515257358551        445.45147418975830     
   49.456168597936639        427.16517448425293     
   34.693991863727575        503.30207347869873     
   27.113699084520334        516.49231910705566     
   61.807378232479124        3.8698554039001465     
   119.40787407159806        144.14563179016113     
   31.091577684879297        150.90261697769165     
   2.7036333203315763        192.38462448120117     
   120.75218555331230        346.26148939132690     
   39.016956782341012        285.37169694900513     
   51.778520983457568        15.508139133453369     
   63.230779999494558        298.72373342514038     
   109.75393622517586        400.26533603668213     
   62.368586885929119        517.60704517364502     
   49.591538786888123        153.54244709014893     
   27.415014129877093        3.4725666046142578     
   52.367963403463364        239.23991918563843     
   97.834587067365646        249.35384988784790     
   73.753335034847282        519.44890022277832     
   115.05167193412780        276.20834112167358     
   135.14239134788514        130.06088733673096     
   41.735109049081800        403.46413850784302     
   27.176939147710797        327.07146406173706     
   84.458473837375635        23.396515846252441     
   55.736993336677557        202.52151489257812     
  0.12251310348510458        188.17702531814575     
   36.430163007974627        170.44912576675415     
   25.247831308841711        190.15957117080688     
   147.05411024093627        504.72679138183594     
   96.017065149545672        246.92101478576660     
   91.171212661266324        386.07369661331177     
   40.074999314546588        234.84213352203369     
   41.383562916517263        218.01949739456177     
   30.023269140720373        434.06027555465698     
   87.409545743465429        67.225027084350586     
   45.257298231124878        371.91041707992554     
   127.44649201631546        499.63481426239014     
   74.547213155031216        365.45376777648926     
   130.25963839888573        192.67516136169434     
   50.408942067623144        250.03241300582886     
   78.054796475172040        417.16518402099609     
   43.555418604612356        495.37285566329956     
   121.25806138515472        508.41003656387329     
   117.74362755417823        122.44588136672974     
   86.600675135850906        444.73729133605957     
   10.792580634355545        36.497676372528076     
   51.071229392290121        579.64600324630737     
   75.401599740982050        21.485388278961182     
   61.939308547973638        423.22307825088501     
   103.96828350424767        516.54388904571533     
   16.146560508012769        276.92395448684692     
   73.237943708896665        417.20849275588989     
   74.194451898336439        218.75717639923096     
   32.480857694149023        355.64078092575073     
   100.22568331360817        81.809556484222412     
   76.118630194664007        134.24291610717773     
   71.144740504026430        199.84939098358154     
   127.07087570428848        571.24418020248413     
   15.598048114776617        22.685265541076660     
   93.537926012277609        197.41294384002686     
   106.16420937180519        123.99909496307373     
   56.666858142614387        383.98861885070801     
   22.971296250820160        208.18301439285278     
   45.582245653867730        517.52704381942749     
   13.747146022319797        340.13818502426147     
   89.393057191371923        178.57199907302856     
   5.8915561497211399        186.94006204605103     
   71.329975455999403        159.84656810760498     
   3.4210569024085942        356.81297779083252     
   103.02814375162124        425.57301521301270     
   86.823418110609055        27.929162979125977     
   99.897376430034640        165.83669185638428     
   64.576413822174089        98.591923713684082     
   116.19392435550689        479.22152280807495     
   91.855649197101599        337.35727071762085     
   49.887895053625115        218.00926923751831     
   72.409675788879412        396.45713567733765     
