   112.74918146729469        94.962492227554321     
   91.401005142927175        416.45190143585205     
   124.64494292140006        179.09267628192902     
   48.056890618801120        389.51482045650482     
   139.57780885696411        29.223445892333984     
   136.68827941417695        335.06224071979523     
   80.735842782258985        216.83117103576660     
   30.967804783582693        318.72728490829468     
   12.481978434324262        552.59228539466858     
   63.987596833705908        447.56837379932404     
   20.321298152208328        348.13738894462585     
   83.206029313802716        281.78867161273956     
   20.432062077522275        595.68491220474243     
   38.446196895837787        565.75042867660522     
   37.023402690887451        340.16979169845581     
   117.55812456011772        291.60978925228119     
   127.49723238348960        144.13105332851410     
   80.650426703691480        367.47125434875488     
   141.31318480968474        473.02926945686340     
   17.114755332469940        581.33128845691681     
   40.616962546110159        391.08612895011902     
   144.30398948788644        362.14464378356934     
   96.612181127071381        336.56422519683838     
   31.363390231132513        434.07085859775543     
   29.497522455453876        183.42528378963470     
   46.633569264411932        600.91360080242157     
   40.567481976747516        314.67416226863861     
   57.007897025346779        477.72216808795929     
   31.410771137475962        301.08378446102142     
   11.668542176485062        534.61346769332886     
   117.99332662820817        58.247567296028137     
   27.565278524160391        418.75215268135071     
   41.318839687108991        397.67330992221832     
   35.292333281040186        146.63174140453339     
   87.919674509763723        375.83452236652374     
   31.256459307670596        42.498205661773682     
   126.53200389146804        499.79085159301758     
   33.172995972633359        391.90488433837891     
   12.214597517251974        109.70051980018616     
   96.670935952663427        249.89438521862030     
   6.1626092433929500        481.08344995975494     
   102.18913627862931        485.63289237022400     
   78.567989856004715        391.70606219768524     
   92.892838054895407        79.915915369987488     
   56.208666998147976        291.49981093406677     
   82.828402686119077        436.16471660137177     
   12.121390348672861        560.95401048660278     
   4.9391043305397062        204.87963163852692     
   102.03297495841980        558.70926868915558     
   39.034442061185842        299.23230934143066     
   60.813638997077959        259.92674016952515     
   28.295648539066320        221.77061486244202     
   76.021795523166659        169.97832632064819     
   119.45724742412567        61.841508030891418     
   69.392763811349880        162.62481355667114     
   149.62959263920783        593.65836882591248     
   24.434850722551346        217.81315362453461     
   47.413142871856692        513.55400121212006     
   15.094093251228330        320.78160095214844     
   57.279396855831152        192.19057369232178     
   119.43764461278914        41.766428232192993     
   73.440208268165605        321.06079876422882     
   1.4991147220134735        255.10936689376831     
   31.105238896608356        2.1620337963104248     
   46.794921666383743        541.22174727916718     
   111.87649003863334        118.18844187259674     
   8.0922889053821621        220.87858843803406     
   128.43610340356827        469.35897183418274     
   60.087647002935427        483.70272803306580     
   141.13137186169624        287.62591886520386     
   46.819331365823743        491.84155416488647     
   63.226142871379864        220.18890058994293     
  0.90861800312995911        37.148487091064453     
   146.85219413638114        172.95197498798370     
   56.155433839559578        196.55906319618225     
   9.2191199719905796        350.14014256000519     
   39.353054755926138        532.58304905891418     
   19.936541604995725        291.55155277252197     
   87.432222104072565        210.86058628559113     
   28.443983030319217        161.38354766368866     
   89.910834091901776        297.93305814266205     
   122.47566937208175        565.03350639343262     
   26.025394600629809        105.88967239856720     
   86.410445666313166        551.07573282718658     
   10.322533094882971        60.027996063232422     
   75.940498358011240        214.82511627674103     
   117.55488125085830        13.604228258132935     
   98.402157253026957        374.34419953823090     
   53.338615280389803        432.62276887893677     
   11.185539269447332        11.194070458412170     
   85.044404906034472        64.406855463981628     
   122.39854472875595        458.43688690662384     
   4.1965741395950289        176.15379726886749     
   14.697837698459622        540.37862801551819     
   22.094101715087888        529.80944252014160     
   35.768277746438983        182.32395768165588     
   29.124524021148687        356.06817126274109     
   97.869289582967752        485.35225927829742     
   86.361438637971872        319.61005377769470     
   72.500908380746864        509.88061773777008     
   19.259002685546875        119.30358254909515     
   12.458873206377035        216.65900921821594     
   97.037331616878504        506.23489928245544     
   108.84571135044098        31.970966219902039     
   146.77591829299928        245.53705501556396     
   24.190994966030118        248.36979508399963     
   91.497366273403173        174.39181184768677     
   124.74056246876717        380.15101885795593     
   34.140538561344144        192.75108635425568     
   95.920346629619601        254.09570050239563     
   144.21489229798317        313.25068759918213     
   118.81861034631729        439.00093722343445     
   146.26129535436630        481.29393374919891     
   121.11078119277954        565.54446601867676     
   84.219416034221652        42.654651165008545     
   98.533399593830111        33.985740303993225     
   127.54371981620788        376.47817361354828     
   147.49333294034005        90.588118076324463     
   62.459220850467688        444.62249779701233     
   84.418821477890020        491.30544126033783     
   2.2293239116668673        334.30401825904846     
   80.483829611539846        524.97732174396515     
   62.260807162523292        429.87524855136871     
   3.3586120307445526        411.56219005584717     
   28.146322292089465        268.82777166366577     
   94.433642256259915        455.81233417987823     
   148.09675822257995        35.891540765762329     
   34.620557266473767        75.716143012046814     
   126.98472697734832        376.76544487476349     
   51.363198703527459        153.32660424709320     
   106.42478201985359        344.44541859626770     
   19.957556104660028        345.87273263931274     
   110.98788584470748        191.57839095592499     
   23.323181903362268        287.18492913246155     
   24.010191643238073        185.21683597564697     
   127.86324385404586        79.124358534812927     
   3.2352411925792666        479.55735278129578     
   19.617383891344076        40.820901751518250     
   116.36193313598633        536.07329082489014     
   58.895529818534868        149.95735657215118     
   51.304747658967969        17.764638066291809     
   13.229985618591314        574.38661515712738     
   26.740530890226367        378.36194252967834     
   75.943786340951917        100.01421082019806     
   4.8141609787940922        18.922191262245178     
   78.594275850057599        39.502274274826050     
   123.16705713272094        256.94864213466644     
   90.689013880491260        61.318169116973877     
   85.647526407241827        2.6869156360626221     
   147.53582654595374        250.20318567752838     
   63.137420940399181        469.13592934608459     
   42.999874573946002        379.47762143611908     
   132.68094298839569        180.85807049274445     
   49.438835209608087        530.37078046798706     
   86.651040244102475        492.99035215377808     
   74.011638259887718        223.80458581447601     
   110.33965286016465        354.54261231422424     
   110.65111776590348        375.21742379665375     
   60.956925362348585        504.20846354961395     
   112.71515799164771        573.11384487152100     
   143.85596607327460        287.85125780105591     
   56.856283485889463        587.70884680747986     
   14.827337765693670        211.49232470989227     
   102.60195683240890        330.92318069934845     
   144.54180536270141        310.30308926105499     
   62.396874260902422        66.100844502449036     
   27.016926956176761        570.53335523605347     
   100.97081351280212        335.16098797321320     
   31.645156073570249        67.068510174751282     
   69.876776343584083        528.27426719665527     
   44.565445864200598        64.622721552848816     
   134.00574100613593        390.42704844474792     
   16.672977298498154        373.23810112476349     
   31.643056410551068        243.10350215435028     
   64.290591609478014        469.41003191471100     
   10.234114944934845        439.63812971115112     
   18.631006878614429        371.66711556911469     
   93.668650138378140        284.90642237663269     
   121.88372522592545        445.83911275863647     
   22.756094193458551        368.48395192623138     
   68.240361529588711        81.921396017074585     
   131.75362458229066        242.80266749858856     
   63.482337498664862        55.468219637870789     
   121.71699411273002        7.7205497026443481     
   83.389798969030380        73.064894080162048     
   49.040042191743851        372.37704086303711     
   48.185005801916120        531.85590040683746     
   102.64898034930229        257.75261414051056     
   142.59290708303450        31.162437200546265     
   108.33848637342453        292.01611697673798     
   15.774250048398969        157.04304611682892     
   23.607083147764200        245.48710727691650     
   144.98260057568550        501.57447385787964     
   71.479802048206352        478.83016824722290     
   80.375067067146304        463.47741031646729     
   72.578274261951464        560.87385010719299     
   15.000805670022970        297.02520775794983     
   70.686576163768791        230.52718544006348     
   22.082057690620417        553.63225328922272     
   8.0253230571746883        228.13575804233551     
   121.99231801033019        242.21592509746552     
   85.494125920534131        187.90816509723663     
   52.218708634376526        230.96099877357483     
   26.619679647684094        539.76493823528290     
   11.157725435495379        385.00761115550995     
   28.387801408767700        367.35801076889038     
   122.98535140156746        46.481860756874084     
   98.354222393035883        156.44439089298248     
   141.83799334764481        118.27018105983734     
   69.019122076034563        70.689757108688354     
   132.23973677754401        247.59309339523315     
   109.37831991314889        411.09662115573883     
   50.130526751279831        152.02283191680908     
   31.969951605796808        409.16419625282288     
   67.381215161085152        410.10512983798981     
   113.71463332772254        382.31760966777802     
   139.03832054734232        348.86270761489868     
   50.655907112359998        8.5561337471008301     
   110.56483501791953        548.96160149574280     
   48.247986757755285        26.047638058662415     
   104.87644583582878        140.90824007987976     
   33.253372859954837        449.54073536396027     
   2.5807717621326418        580.89062166213989     
   127.02387899160385        243.02161943912506     
   146.76587564945220        488.82685649394989     
   54.896404415369062        422.04292643070221     
   73.526267647743254        306.02896940708160     
   45.970272314548495        343.58496832847595     
   7.5469215393066378        245.07722723484039     
   29.655488592386249        587.25867128372192     
   85.777723383903506        238.80175316333771     
   26.924363088607791        592.22179722785950     
   5.7610464572906466        195.44241547584534     
   134.91250951886178        221.64535081386566     
   107.52709617018699        247.04815351963043     
   138.60175146460534        104.83628463745117     
   47.966685521602628        496.55824255943298     
   136.03857219815254        257.30261802673340     
   33.149792462587357        47.890982627868652     
   116.39574217796326        533.69851267337799     
   107.97622749209404        69.327855944633484     
   1.4250725626945524        531.73888921737671     
   94.309494096040723        361.41979157924652     
   44.195842629671105        551.34151077270508     
   135.96938160061836        501.26825690269470     
   60.760218209028267        425.54852569103241     
   6.6935648798942537        234.49899947643280     
   41.875259321928027        429.08735167980194     
   91.884347569942477        145.71685814857483     
   144.78151540160178        298.24476504325867     
   76.358143669366839        113.76899993419647     
   115.58830112814903        362.03821778297424     
   39.499968624114999        62.079513311386108     
   92.567837023735052        277.05547749996185     
   86.867171514034268        513.79807054996490     
   39.297400283813474        38.294055700302124     
   124.76321202516556        516.33833646774292     
   36.893509495258328        318.54439437389374     
   62.848006963729887        551.80593144893646     
   107.28887823224068        523.64592027664185     
   3.8590108692646083        107.15612745285034     
   47.515901273489007        193.18533027172089     
   22.915972363948825        369.80096471309662     
   90.748465615510938        359.09851348400116     
   1.8716306805610685        238.13047277927399     
   69.951819193363207        72.630255460739136     
   51.489285701513296        207.77347874641418     
   97.530109125375745        214.10622048377991     
   5.1234726130962400        203.48665666580200     
   105.03876318931580        479.41866886615753     
   120.71099641919136        417.83569061756134     
   140.52966204881668        552.40325903892517     
   54.192204242944740        542.83231067657471     
   137.44722271561622        474.09058713912964     
   129.81649335026742        43.185202360153198     
   24.908481091260910        130.66385841369629     
   1.6548025012016296        288.73966014385223     
   128.99868800640107        361.46941637992859     
   114.06374027729035        274.86796748638153     
   108.18169962167740        105.92149972915649     
   65.567785352468519        541.97476685047150     
   101.03392848968505        125.18155586719513     
   37.857406711578378        422.22947692871094     
   121.97769184708595        28.080604314804077     
   116.74612679481507        508.78492510318756     
   51.196217417716980        258.39615774154663     
   88.877853494882586        187.76244831085205     
   24.349327427148822        421.38427650928497     
   76.183532118797302        501.09196865558624     
   22.379146605730057        364.92944550514221     
   145.53734048008920        491.27727389335632     
   134.54302243590354        543.73668050765991     
   137.58800735473633        213.74237704277039     
   37.631474035978314        517.21138131618500     
   49.367562818527219        309.50676012039185     
   67.291161954402952        351.70890343189240     
   37.725378113985059        222.05709671974182     
   47.964603728055963        281.97274625301361     
   66.038726365566276        23.725032329559326     
   53.209981882572180        283.33708739280701     
   50.707317584753042        546.80538058280945     
   57.964101433753996        601.35545170307159     
   22.724197185039515        473.43757069110870     
   57.363294029235846        74.713133573532104     
   82.975450575351715        505.38783299922943     
   73.357410067319876        320.02549552917480     
   57.697613990306877        523.63716506958008     
   62.519056779146212        488.93902361392975     
   31.305573552846909        525.89356851577759     
   100.93351992368699        72.139102697372437     
   58.459425342082994        59.206334233283997     
   51.052966791391370        512.57747268676758     
   135.18492962718011        475.65335571765900     
   101.17675024867057        142.94533276557922     
   80.939688789844510        225.18715500831604     
   121.44895202517509        204.13256847858429     
   86.511569011211392        388.63075983524323     
   64.656531602144270        536.75486934185028     
   13.768285608291620        555.96260952949524     
   142.56426231861116        238.78316628932953     
   9.4933717012405339        146.45513021945953     
   70.808508509397512        481.28403031826019     
   21.572170162200933        494.74221885204315     
   44.688468247652054        300.55700087547302     
   76.750691306591037        413.37954139709473     
   27.973470884561536        284.17640316486359     
   35.205898642539978        280.91078269481659     
   44.881744462251660        83.061869382858276     
   24.299560946226123        36.459660410881042     
   68.637394404411339        396.18144416809082     
   71.053936779499082        145.94761526584625     
   128.96374425292015        573.80991971492767     
   114.26803302168847        1.7207211256027222     
   65.285965901613253        216.03839421272278     
   127.43707480430604        141.72739017009735     
   137.73342018723488        125.57381784915924     
   144.55656554698945        233.12346315383911     
   107.82967994809150        408.53565132617950     
   114.89851268529893        315.93100094795227     
   6.2456218779087038        31.246975183486938     
   63.936597359180467        11.080432176589966     
   139.84522551298141        103.59544932842255     
   130.55455617308616        237.60681092739105     
   72.865615379810350        111.74568593502045     
   94.401629096269602        301.45444548130035     
   148.88796485662459        490.86132979393005     
   53.577628409862541        401.85697126388550     
   16.816263663768765        141.85828769207001     
   104.53560351729394        284.81976735591888     
   4.9310451984405574        463.11399745941162     
   48.724181395769122        245.06298208236694     
   95.997319382429126        428.92652857303619     
   105.30200732350349        13.906713485717773     
   95.528531640768051        331.08565437793732     
   103.33473922610283        255.95381379127502     
   78.789267534017569        433.13699376583099     
   61.503034311532986        137.71517300605774     
   47.786534434556970        313.43824279308319     
   74.719296175241482        571.98704254627228     
   21.025132000446320        337.75364160537720     
   138.10892034769057        468.48940753936768     
   22.383515691757196        260.23694002628326     
   71.833152997493755        67.018634200096130     
   59.271315890550625        575.37046360969543     
   127.35875290632248        144.40250062942505     
   98.661639863252645        242.88724136352539     
   126.89336036443710        358.76172506809235     
   129.12255025506019        246.37217259407043     
   66.057114052772533        520.59892880916595     
   117.88741426467895        415.84233808517456     
   84.697147446870801        161.44655644893646     
   9.9437806904315948        363.11241710186005     
   4.0563077151775389        238.19556272029877     
   31.782625925540927        305.98038518428802     
   88.223410868644720        102.54694151878357     
   51.371088075637815        377.16667735576630     
   131.46996457576751        75.543586492538452     
   140.83326438665389        107.31522822380066     
   9.1153876841068211        425.95582222938538     
   13.658352613449097        420.68859636783600     
   111.75589790344239        45.513441562652588     
   65.694140392541897        119.13874065876007     
   109.46959717869758        185.76317524909973     
   52.395151805877688        91.196066737174988     
   15.737992888689035        114.55775797367096     
   98.905558162927633        243.99280154705048     
   22.367772686481473        74.138806343078613     
   145.55260100960732        570.38738727569580     
   116.84138001799583        559.18108105659485     
   144.86126685738563        5.8777939081192017     
   109.79709100127221        509.30969929695129     
   53.281843966245674        486.50572192668915     
   39.489005702733991        482.54485189914703     
   66.566679930686973        359.27612936496735     
   30.312218511104589        271.96123874187469     
   96.397309654951101        320.69071185588837     
   91.898008781671521        473.06956493854523     
   118.84854171276092        114.68919372558594     
   120.64631786346436        258.60818445682526     
   119.10357482433318        546.09122121334076     
   83.977043443918234        196.91910314559937     
   36.285170108079910        434.62749600410461     
   3.1997613549232540        414.94937872886658     
   49.915628474950793        155.12766516208649     
   90.460561609268183        539.92669427394867     
   123.90046495795249        43.688088536262512     
   104.94612784385681        71.707478165626526     
   126.10548638701439        363.42462635040283     
   78.937744981050486        232.03595161437988     
   98.777550196647638        313.08010458946228     
   39.887888067960745        148.05485725402832     
   24.139361125230792        270.77555406093597     
   78.869992876052862        470.39402389526367     
   109.89230848550795        44.366832375526428     
   97.609020715951914        524.17137622833252     
   137.25764548182488        468.36776757240295     
   46.849637991189965        413.43752670288086     
   39.920571333169946        504.24875903129578     
   126.16609070301055        474.96700489521027     
   9.3130597889423399        145.92805957794189     
   39.139434146881101        292.00477826595306     
   40.283321624994286        365.24585294723511     
   39.280897825956345        111.23497748374939     
   121.66482418775558        489.31589221954346     
   130.14263802766800        33.673889875411987     
   6.3350943267345485        54.888940691947937     
   128.87586218714713        471.63970327377319     
   118.04260169863701        71.503130197525024     
   35.013337206840518        24.312851190567017     
   33.495057475566867        337.50275468826294     
   94.712933176755911        231.70253610610962     
   18.822237038612371        479.06246829032898     
   109.30981729030609        68.338122844696045     
   35.901539337635043        443.22460699081421     
   21.866078311204916        384.67537975311279     
   9.0732425332069369        516.68319833278656     
   116.32140517234802        517.21105837821960     
   23.320117288827902        57.477934360504150     
   126.48163878321648        430.23736965656281     
   39.729644954204559        520.65687823295593     
   108.02441252470015        480.19185411930084     
   86.092199295759201        215.02691662311554     
   3.7874257624149266        284.65826249122620     
   76.591992521286016        458.12406766414642     
   81.248696643114087        173.64029932022095     
   124.77917839884758        84.157131433486938     
   78.236734509468079        545.56077766418457     
   23.734474617242810        201.81875383853912     
   59.280080866813677        586.48351252079010     
   118.87542633414267        426.28486013412476     
   54.364037090539938        537.27892589569092     
   13.537090373039248        451.86373579502106     
   32.714956718683240        340.76632988452911     
   137.12965538501740        394.84462451934814     
   141.93263900876045        12.007084727287292     
   92.807975929975512        465.34826171398163     
   7.6197932481765775        362.54282629489899     
   59.846989881992357        372.45307481288910     
   137.85209135413169        213.90262603759766     
   36.562218409776690        557.54109442234039     
   68.178533154726040        199.79701864719391     
   146.06171121597291        78.355227947235107     
   44.224344438314446        388.14739346504211     
   130.94610311985016        343.60377049446106     
   74.409153610467939        490.40297317504883     
   21.114050495624539        226.61310553550720     
   14.051096814870832        465.05478286743164     
   40.139043503999716        376.92544269561768     
   141.38275066614150        81.832516312599182     
  0.15715307593345074        280.99546420574188     
   57.510261505842237        361.96659731864929     
   77.200045996904379        421.38700354099274     
   102.14796501398087        410.27456462383270     
   8.3257088899612484        518.11399292945862     
   49.054239487648019        96.558774590492249     
   141.72052837014198        488.95621109008789     
   59.878609913587582        513.98397517204285     
   55.190500193834310        258.43519735336304     
   13.859214419126516        447.16157960891724     
   149.68502374291421        253.26072645187378     
   68.161968153715151        378.37747943401337     
   31.434001451730722        548.63719236850739     
   132.77644638419150        191.20977520942688     
   133.72389475107192        179.19881522655487     
   117.99905379414558        559.40369296073914     
   84.792892080545428        181.74733400344849     
   86.949004763364798        386.08737218379974     
   89.292157214879992        388.80392634868622     
   59.442889630794554        357.95416486263275     
   110.09405483007430        222.19911766052246     
   101.78002364039421        351.41000640392303     
   19.293151247501370        261.45190441608429     
  0.22945296168327900        316.99300038814545     
   66.235281628370302        47.625132918357849     
   115.65146971344947        551.13662457466125     
   72.154392504692083        393.66227686405182     
   142.99089597463609        437.52909362316132     
   60.448967736959474        40.389205455780029     
   61.815008497238182        207.58786118030548     
   34.308341842889789        479.93077671527863     
   80.049744385480878        12.826055407524109     
   131.69204638004302        391.95809733867645     
   42.829935890436175        9.7521165609359741     
   126.58709547519683        272.05546486377716     
   67.621765065193188        547.97344720363617     
   1.5509719312190953        455.55384027957916     
   126.18958012461661        500.88324308395386     
   119.66067349910736        344.84797871112823     
   24.294923818111414        584.38929569721222     
   139.34292357563973        561.72963571548462     
   74.214626532793062        89.402218103408813     
   147.43084339499472        5.1692321300506592     
   99.347291523218161        171.93220865726471     
   3.7604964673519135        261.06796705722809     
   33.684179037809372        388.18212723731995     
   65.716852492094063        136.56483209133148     
   96.008863061666489        452.90417015552521     
   64.508831477165245        285.67978703975677     
   144.17865300774574        575.61708056926727     
   43.513398540019992        508.35742700099945     
   107.63823535442353        419.50025641918182     
   129.60352497696877        293.78768289089203     
   62.585861802101164        123.95101869106293     
   71.302840662002581        40.670053839683533     
   79.488991403579718        198.24888992309570     
   127.82957776784897        3.3899157047271729     
   19.266114735603338        30.421832799911499     
   11.750920444726944        71.372914433479309     
   86.721043902635571        459.18509829044342     
   123.79810861945151        595.76051557064056     
   40.737501072883603        560.93911945819855     
   137.06722838282585        585.04525446891785     
   72.833914935588865        221.23547077178955     
   41.859364426136025        92.021639704704285     
   133.23816674947739        407.51893496513367     
   83.821856009960172        313.74288094043732     
   108.61497178673744        91.507127761840820     
   131.96744175553323        101.08134138584137     
   45.774833893775948        298.11785042285919     
   135.91353949904442        226.14341020584106     
   28.157312017679217        30.170981764793396     
   129.29587520360946        383.39600718021393     
   45.651990205049515        203.07433664798737     
   2.9098559677600804        404.80069434642792     
   81.926914602518082        94.703460097312927     
   146.70117922425271        35.428088903427124     
   138.00108701586723        391.98167181015015     
   104.51352578401566        404.27940070629120     
   74.878575718402885        326.73399353027344     
   19.737082552909854        473.43746304512024     
   145.28530050516127        90.051036357879639     
   12.040557789802548        501.33808326721191     
   59.106514680385601        267.10626113414764     
   13.776800411939618        239.16021430492401     
   117.68672221899033        283.82737898826599     
   99.065543550252912        122.32531309127808     
   62.948004531860363        294.30266129970551     
   85.987743294239039        254.53015971183777     
   87.102128273248667        202.28966915607452     
   49.510867053270346        447.90810453891754     
   92.215513569116595        407.45057976245880     
   22.692916673421863        222.75148510932922     
   119.82833382487297        59.993190526962280     
   105.85480839014053        127.63839614391327     
