   99.044294881677644        523.29977847121665     
   6.4473102465676106        379.34023983300580     
   127.24595467677850        546.77494406052790     
   126.93154069490673        282.09396124359040     
   11.128368433744853        593.07396999375123     
   129.95621171633456        315.09183738989179     
   95.714454111662732        250.43594357014999     
   62.237125198888464        409.68633153187994     
   128.87372797476806        515.00582366034337     
   19.669995672428954        221.07326522126147     
   13.689331349685460        265.95788057273381     
   21.158477584634113        321.92045768987072     
   61.972422617198248        72.288204286850785     
   100.67732669123438        482.70896308785757     
   15.326136508620664        503.46024959999056     
   141.44998291064672        432.57689468472768     
   53.818096576836695        84.280390592388741     
   117.95127773990643        156.52783111133130     
   138.78303986382323        575.15022887586258     
   107.95279431527408        586.46466672623944     
   138.10032727669227        286.04874733783134     
   117.21836193920466        184.23849170913815     
   76.280877626177173        540.65874516330132     
   81.000817705310766        588.46133875810528     
   100.66518240469162        556.06385218666412     
   39.626581237398099        192.08865210473661     
   34.846988428858822        142.83027627274066     
   65.367221270640613        366.92477116817770     
   61.547493345355235        39.228652271454379     
   91.306280311487185        131.65206463295641     
   37.354021281016472        300.26798935974222     
   66.278459340910842        149.62100632882971     
   42.663958383392497        114.78156847810041     
   105.94205320521627        70.294198477914989     
   15.883244683051899        35.750153266811033     
   109.57521461934348        71.268124933224826     
   10.297145437350608        135.66176271009488     
   56.876278143468113        410.31006952152916     
   95.087256815934367        558.69248169802302     
   88.829130448431641        343.05802959432901     
   71.178138529512950        4.1978489492843885     
   64.463160611885172        474.51445592985976     
   78.310616743664781        410.89341863415427     
   6.4633070926425660        98.936634832640721     
   90.986025227971538        162.79228966958493     
   61.352817145767403        401.46731540387447     
   33.165454963697414        472.90511276359598     
   89.142323546346219        366.18952550009811     
   82.129200755088220        279.65188926675063     
   135.61202511278927        414.32102947545843     
   3.6315470201930822        240.70785069575749     
   23.734545051564126        245.87538541433858     
   121.70034003610638        316.64009439521135     
   51.018897645829654        345.94321792610083     
   94.502685025533964        304.41642870081995     
   130.79875773073556        437.86311514916878     
   46.043552584588781        163.53064818629147     
   76.334694785887734        398.63327484735737     
   3.2789469999227236        577.50590970159442     
   128.97886555633232        539.10855358646802     
   30.542555106067923        138.30803945571537     
   123.40063705497303        168.52379130530059     
   22.623233358689944        137.11090519535648     
   11.278470210724080        394.54346334602940     
   92.240986407705918        378.27417936341220     
   131.03860975124789        570.56268354030897     
   111.82978932833069        98.655355137152640     
   104.33197673472793        346.56207738245621     
   111.31987788089225        115.43702021085610     
   120.30541463144404        461.07604719732012     
   38.067839256290327        223.84030644001501     
   138.43651008491781        434.24068275311612     
   112.53459015099263        471.31408453515121     
   3.8823240888178674        539.94401877435394     
   107.67065808574910        444.38013072405431     
   122.58921512708196        552.58046088755043     
   30.161353607427387        57.189402824929438     
   122.08653539242715        44.231000885091667     
   44.891940780382285        216.89962253603181     
   114.18339194310940        370.95846888863304     
   2.4550832026939986        94.435285483770585     
   79.550973751927629        189.11365854580660     
   95.239983388851499        57.134818425335169     
   111.65671313667534        420.62392353722163     
   60.155329003819702        344.96025827821938     
   21.270566426972835        67.451909334807354     
   31.383920976850121        141.81820158488486     
   102.50512061181752        247.55615235463046     
   47.282003087765446        150.83127681868581     
   30.650111262249780        470.67770037426931     
   68.896248842729591        318.66955998927841     
   127.10350672163779        255.87034679090146     
   43.174988727954158        573.11544059799485     
   34.476239627051328        424.54002764449962     
   132.70729725962482        54.218884509192897     
   45.363666643104665        398.52477189159237     
   118.00018893511437        594.32161844652637     
   140.77110276425628        104.47096314034883     
   76.542563811051423        136.98407869139859     
   92.922091252771978        439.70675001631605     
   141.55461591764339        220.80692165305132     
   17.582129803574858        296.10938737930320     
   82.650353241369416        447.85631166505465     
   40.633700561259616        142.43305141389152     
   108.39048360181101        75.501025461140287     
   125.46112166655070        502.97287842150712     
   80.334887033080634        430.71072614865562     
   114.22687298927417        113.37033771202019     
   21.134720346420423        236.56862688984802     
   136.59501492065911        373.43638935169128     
   62.849593450090367        415.11838042987324     
   78.260166293058418        510.96978662744266     
   71.352997841669776        267.98991016283622     
   64.097268655587754        236.44668790233428     
   121.39607798163115        211.88633266563664     
   103.82619660268243        250.09897421110995     
   109.79548517839105        290.38834821516542     
   15.108980352004011        438.58220791517840     
   149.25912484769145        60.417009744462355     
   46.516804460407386        168.73059533014538     
   7.2217723001419358        417.26133394254788     
   54.686733848809695        586.37911969789980     
   61.249405499878947        331.35139835213624     
   104.60486735404130        552.39103474578133     
   3.3977559169591558        52.097135034389510     
   49.644771130810796        391.51409476481552     
   6.8581037157120619        161.62005664750646     
   71.553284166051213        509.61655288496854     
   10.465523904156811        244.10836862096551     
   126.24908267432241        322.12275295387161     
   10.206627886061909        11.429822977463111     
   139.11084702166912        552.47891785734623     
   112.45970221883952        538.72185532390631     
   18.022780789346371        442.49645613764142     
   30.232019941729405        27.392071058981628     
   138.17727940899374        222.22261752626517     
   112.46613937652376        147.81228273242866     
   139.01334261656245        12.787860379429272     
   85.641829929038195        181.72731432523798     
   77.211626930128404        161.13227762016038     
   65.102246673047688        272.07347165177742     
   24.639149809134082        109.54297409565407     
   26.801478733879520        399.82901766208010     
   6.5857559286380933        506.26845009435476     
   71.581230006175304        24.501160852264213     
   70.813293678669680        451.20597929451640     
   35.342873932127517        511.81102972490925     
   76.043319241704808        359.11541530864588     
   75.549129668627884        285.30751252129727     
   82.300087837010693        557.47438297813494     
   18.877030358713881        289.41885906842941     
   72.570221377641502        80.161925886424029     
   48.538087861172301        583.70798659312618     
   44.288720923567979        283.17271269375084     
   53.941439867261579        347.71433060528545     
   81.268547422192881        93.817356630848622     
   10.377831010382209        212.69527577372239     
   54.857173394065597        338.68569322082294     
   133.23008623844373        348.90504296965190     
   124.68994187571901        325.40430057582540     
   26.962277799305284        201.64232862417512     
   24.618398846853552        505.21229221060418     
   149.61692654310173        426.72147615148509     
   116.27236366940522        522.63576290583933     
   105.52901626192858        369.84242213010361     
   142.62445266390273        503.64057338771840     
   140.42970549686183        134.12482301167486     
   61.997444670071957        356.77329619902321     
   38.596802191433000        306.73877520985138     
   46.269031426742771        154.18153871720466     
   136.34075203488140        231.42104747880393     
   82.812372158284248        371.80051782832328     
   111.03253001189955        207.42705584366928     
   134.96400247589960        328.11942365928081     
   83.240949377682369        101.95350762843188     
   90.833052609134853        254.75468781399792     
   148.04125244410326        304.25095725270512     
   112.67082132182449        445.90071998476424     
   99.455896553563036        232.49935053798080     
   110.18647136074992        51.397595726796943     
   4.0854620790846354        427.92360279943108     
   141.02907232605725        60.256723970835679     
   38.491892604438675        373.72871102813588     
   149.70427444750430        110.89098651212996     
   132.29223990532873        450.17026919020338     
   133.97763128661887        412.86161974532791     
   75.698920298153396        18.830908398946523     
   81.202888529266275        224.29274841766420     
   47.699874628227249        386.81246123247860     
   143.81870477136357        156.54212097395680     
   41.561555831721506        201.82227861043663     
   78.846054692942630        202.08120642219725     
   29.201746191424036        255.64438937418208     
   119.29442770750966        171.60227628146075     
   46.170285972802446        290.63714166232734     
   97.147120423550490        461.32063454654917     
   111.52176592020068        76.145555391565239     
   30.804657118858572        571.94977614429138     
   14.575492328116582        24.975181715571537     
   8.4228504959187092        334.09918717677192     
   143.66794327792545        315.05909742888423     
   50.182971564009989        379.29456215793107     
   116.51156603068381        64.231765932957913     
   99.386244608598389        424.73388879048457     
   19.106914145993699        83.229327392062487     
   22.388971408048718        52.356069158075400     
   131.23286706664882        448.12191639405501     
   98.561466216314543        450.28451072006231     
   23.013804536055190        334.59804704708432     
   2.6430283387550588        469.25456348634236     
   105.73170954091441        463.70952641102974     
   10.378200816950127        349.13112589408632     
   114.88599927181112        182.52886164313611     
   100.91702657643002        13.390732258680615     
   59.016027797744613        185.56152931389920     
   113.11864347501579        89.158340711619815     
   78.544655814667877        427.26018342591033     
   86.034877243804118        468.44378433753997     
   97.619812600886320        121.67536402787806     
   122.38632499234112        236.29507485333912     
   59.267927709027902        278.02820552782549     
   136.66304218593808        153.02581835808206     
   147.40718122151969        357.14274766745905     
   107.13193289962221        192.06129210850222     
   2.8384841704674386        141.51895736294989     
   61.805783598358460        129.00923745161367     
   117.52256393518132        320.00105990844440     
   34.772459234548748        97.952047050885469     
   25.176180158789123        312.14665620239197     
   98.000674788693090        508.24655599628579     
   95.918978951986119        346.73713686496205     
   20.152907176329748        581.29153429274959     
   44.829230637649260        59.479992268101853     
   40.292951895017779        90.854762122843184     
   23.600248152153242        457.85261278248328     
   96.909061553354221        72.484632712281339     
   145.73552262732011        227.17155965058944     
   66.353719406410164        436.63103151560023     
   14.841634723018615        49.187771191161353     
   122.36924028106122        448.83419659449379     
   70.719376367630531        376.19364402420541     
   33.015583889993763        122.70059607240324     
   65.752161712805389        262.41750777002557     
   74.669972230699699        52.700386161516086     
   146.91472808369315        288.11463063391949     
   127.41669115490436        523.88670590835522     
   73.619956345975368        91.743457767882646     
  0.64944366236977658        329.10420593187558     
   76.333538083572094        476.69638393575889     
   75.428635566211184        516.60062422606995     
   29.121203602907585        339.37454296231681     
   149.68538830377969        274.86408966055427     
   57.219947536898161        582.71875842292593     
   76.865696366355138        535.54116745672809     
   82.818080107776765        456.02290995824706     
   87.992098118675202        47.151284329210384     
   52.074775361723383        42.403994709950950     
   126.90465093689252        507.75262160886575     
   125.53900111578986        342.01724781998297     
   72.002608133395086        238.64305596067328     
   5.4784747182540201        334.77214124350172     
   91.352364179089363        293.70530770983004     
   111.47056626032163        381.96699943455445     
   123.81174647940671        177.70280371761675     
   14.124486052260806        338.01574336899876     
   110.56282258545372        211.33976753215020     
   101.28947017954759        236.85361546126120     
   81.468454627852992        158.39611738089297     
   2.7079295826285517        521.61760028951926     
   60.944800250740514        233.78997418534408     
   76.042277506829478        225.79686955359102     
   39.436449489966577        32.445086066453619     
   30.677190231660390        319.40924154938250     
   41.428607059567497        512.94737352920697     
   91.841487263949233        371.33465682574160     
   119.42958651642762        520.13063042770125     
   5.7867453850585662        155.32159622058498     
   106.94288318250155        550.51485232863661     
   122.20706294818638        55.258695543527139     
   142.37335677428584        450.39917120704996     
   100.01669945009525        304.36178694405123     
   17.174135328861738        311.44375230101457     
   106.80641187328978        412.07499530979072     
   31.237571034724922        254.29359575396043     
   135.12685625956738        338.15465539460820     
   86.666834705504328        237.34735427933461     
   124.39547891465224        484.73280160188813     
   25.301852628858029        180.76493848001994     
   32.781690414774701        156.80934564700433     
   75.897658002119272        501.03439731756913     
   122.20847862608241        256.96038094214020     
   37.374163296090657        181.68687087275779     
   33.767333911445348        443.84198127075194     
   3.5194590694701162        472.04866984744314     
   23.575006687136948        333.30602157704584     
   69.262132988054333        16.228359754115896     
   135.01918046829456        504.89465283211615     
   56.437187523966543        392.86713509188826     
   29.708901526563409        395.82264066213662     
   39.492889865860676        314.78118329020265     
   59.970231964083069        548.46110387824763     
   43.763430572054943        543.89864365750805     
   96.013722295215103        518.94390789541603     
   33.494745381210294        93.307897400388299     
   146.68148175316077        439.56350867904683     
   115.11058035702318        399.14290918263100     
   5.4531664872100407        361.20984744238649     
   93.151194499490614        583.89346643675424     
   93.611129143789668        19.219013175225918     
   92.842685604216683        203.82246213379932     
   110.58044996352561        265.93024144138991     
   116.51069757762491        124.40282330410739     
   80.883326029613215        580.89402364634134     
   21.591548181711616        543.15285192650504     
   106.80125568508382        229.75871600487778     
   43.137359054728108        199.27364476978261     
   74.743700101467937        169.92301967944178     
   93.937388512841110        4.7103596865960551     
   8.5010167810298327        463.68769568863479     
   61.474915000675622        132.55215806282351     
   136.46807369865741        448.54189717452653     
   24.756716432632899        152.35015385980489     
   96.118045183421913        533.73267135142714     
   124.31697117371903        196.62536728849983     
   75.531538129019111        544.02806077183891     
   45.077411263764333        266.05485092664526     
   64.424061049850593        416.55980910916037     
   18.945809038436266        577.50877364805717     
   57.326943922618767        64.881307993213724     
   95.184654682754967        53.235502029192446     
   105.58709880930692        410.09297425223542     
   147.29122571299766        122.07409750559984     
   132.03580133828896        72.218390127932850     
   119.44140933267575        538.06153160268150     
   13.905381581325628        142.02261391268976     
   85.918845373787860        495.59150731120917     
   139.55235445048692        305.73129776407598     
   45.208051759573792        550.46159751805692     
   98.874375121891049        318.45881742391816     
   70.251105867186311        105.72802818056202     
   71.485621311002404        379.16732548471674     
   43.304700152943170        201.50989811750395     
   108.11560480293562        191.89280043930424     
   122.03959452696135        91.512579422357021     
   103.79342087912619        533.08984961628244     
   63.177288268871251        213.02584707225475     
   37.085496480425661        413.32537667165235     
   96.353299207571183        207.04275748833493     
   105.27483993136346        533.68726156611740     
  0.26582806821987504        271.31319827664811     
   128.81019519238100        499.23381979516455     
   20.323740196645957        208.78049990292044     
   53.919740541733688        136.43732353410445     
   132.27885164418694        39.937024354337723     
   132.29367814550844        596.92848803749257     
   110.12128013998822        234.91829738119375     
   110.04643903160128        459.10621210658371     
   18.742992324871949        388.27624617431576     
   36.847188070382558        412.42136999894922     
   94.851575045736794        546.80673346212723     
   14.930552295740142        129.27854902780996     
   117.14013435248654        47.570580563320839     
   48.891292891594190        74.129506763649800     
   126.31665921776423        61.367900719904277     
   41.684461762251573        438.43622383198561     
   11.249891889424717        481.09572498980185     
   140.00552092864254        398.64449229123613     
   136.46075339209247        424.76751756694944     
   45.726866337599049        23.381761636891916     
   59.947443564385537        192.56872274036539     
   139.70415626792263        385.63180716453263     
   10.615213001692965        103.31795767543954     
   29.649476690654225        45.057598646746385     
   63.546579355359768        265.27821620496013     
   88.259520731984168        259.16070482589959     
   80.665263342137621        333.35376946580908     
   43.361283632561339        120.21603271586881     
   84.127705715502330        86.572388466767293     
   66.711455156950080        114.03343397892851     
   104.13157101703422        481.41733127206771     
   132.40936622747591        124.88077183128246     
   16.494392626059010        81.237237936809748     
   82.335220386335621        109.44227753104350     
   13.017140574904090        116.76301571087022     
   15.389573339392371        147.99290372440834     
   66.703373617193733        238.40547570239775     
   68.819314054006242        348.10204096382819     
   117.16165745776658        297.58228723820469     
   110.39817337067871        193.02506739557015     
   123.70961783743111        287.08558391960014     
   138.81189042701556        146.46417821100138     
   70.299877675775235        165.54159348103340     
   61.822068005419965        347.66583018114778     
   79.543638812395912        66.790817244356091     
   138.59305753247298        497.72874111886483     
   29.699875857696000        71.597543187643552     
   27.763413441217182        470.11298385158688     
   47.453652355602742        18.198578829402589     
   40.239272757723455        139.79275759730535     
   84.663378410617625        566.72159688924444     
   7.1501043417450063        141.37805490152121     
   103.67583121753862        521.04753192351416     
   35.525235155484125        356.53812446983176     
   14.595762491931453        230.65584263913641     
   103.88067193689082        129.22802765186614     
   25.783916978142528        522.75477372921728     
   149.86643151942070        163.86889168557502     
   147.02124144061679        140.78258458439413     
   104.14864319144739        488.42186101950551     
   10.029085847455349        178.86600681593049     
   37.948073594756679        125.96783986089007     
   51.538696105828592        450.15957400263892     
   98.537349421018178        388.65714357183793     
   33.321884233509991        565.30250501145008     
   47.318268470961726        188.65615560484113     
   41.155093995391894        60.685474086367641     
   95.334455688595810        590.62789191979982     
   87.631855917786567        437.45715796652547     
   147.63794002578373        174.02272283162304     
   80.328316557589943        244.46364914305738     
   55.264351184288387        571.10096262443244     
   21.703546328860341        298.38106115605933     
   73.169610815158961        594.13214684132754     
   127.78464617888437        584.16970892638437     
   86.488475760514433        242.94197767303137     
   141.78863835636474        590.85543358607947     
   21.811065927084513        575.16049681960203     
   96.714897678511903        347.12791044750315     
   32.536785074982305        502.95231914852297     
   78.617339132046794        283.07387345402594     
   27.955414961144328        384.75876161622614     
   37.102790749035378        202.93935669520425     
   40.230395538112106        547.65830421244789     
   111.36515964928988        301.85273089585860     
   12.487573467022983        562.66832204324783     
   146.95096274659829        371.62816839422106     
   110.29473472492418        332.90296547585058     
   95.676246799287725        72.717308112613793     
   105.68213966882131        267.53385198539996     
   80.062566609145094        114.38689185294166     
   97.773796773923891        144.95024466471352     
   119.86096030618459        207.98010916307538     
   64.668223740930245        388.13266839017967     
   87.557672911080147        270.05577387756313     
   40.375706046050396        258.99343782583327     
   120.54333476816035        190.45402667139294     
   82.578488470530743        520.54127985412674     
   107.55069073399582        32.747631850089753     
   139.62207953789891        589.58534032668206     
   95.285692421095746        125.11424347118391     
   94.128078138758298        417.79177689797876     
   54.465485920065902        49.522120303962680     
   124.10229176287649        136.04164436464472     
   81.004391716992856        585.15037997201091     
   38.025850419769441        349.66934553716135     
   46.451433584812008        24.579430907233913     
   121.79353270047879        517.67555573058769     
   139.81508808271579        299.95901071044739     
   133.77000145178042        84.277587823091025     
   96.460499033085327        216.35721734307108     
   49.199977765550443        186.51904197654534     
   37.476941027514840        113.20662847424055     
   55.711350181040984        66.923187799285969     
   65.045596662724392        254.56113732536622     
   145.84849660297343        65.617599541934510     
   61.557900304683841        577.12370449803416     
   54.423544206314602        369.95635218902601     
   138.81780950929073        241.93662439576460     
   123.32985094403099        302.95400340989806     
   83.197945943481358        190.46089437899062     
   52.138760434895232        23.062443354227469     
   45.764461066107131        381.78009688970172     
   53.560916551976050        351.25442850538883     
   6.8134840569513955        72.163129817106324     
   38.558432943687450        37.883181636908560     
   125.76866725562965        420.55149833572654     
   115.03185076454952        19.876065169898727     
   87.072874162062917        286.56410294262258     
   13.642412950895960        529.15409231424110     
   100.52590397195048        244.25375583095311     
   11.154658006674083        471.07680748194042     
   11.155742879742903        85.130601802247853     
   132.22888156942511        550.95135693172620     
   66.414295243567807        72.762428876205476     
   41.473617896903576        426.93455460554549     
   92.209080742256219        443.27088943445420     
   119.18614057120382        415.15424548435209     
   83.760947928340741        64.381089867775529     
   22.045030815221097        587.29112042084705     
   53.241776796174435        561.26347054916960     
   132.59575597415824        373.11579927572166     
   134.06622860655645        454.84937291730324     
   126.19016359099417        176.92617678424224     
   145.57705852141265        374.83254521899244     
   86.543683683325526        1.6852362833603918     
   64.538733794330739        395.61591809185285     
   15.333580800773206        76.656051152558916     
   116.68307027267778        383.17179953281254     
   4.4836306580622960        197.26578523862543     
   140.10961835491042        550.37505235017932     
   68.886178450586357        27.084573963832103     
   60.916407603118046        302.29954567581422     
   58.674811401336683        166.67266845672302     
   58.417721771094108        440.78870151375446     
   50.105670434622908        65.354650687435495     
   141.33285600811996        45.883595286286358     
   18.327089636457274        260.85911424850451     
   112.56334916775491        280.52132885127321     
   5.7614892589338069        152.71542261899987     
   27.254287904170909        168.67727716389123     
   14.810545171796207        403.65824675741527     
   12.739641674979680        118.22183319080412     
   129.53234973168512        591.55956917139315     
   110.00427977889720        508.99545647524741     
   57.747553672312677        478.88383639122264     
   10.264590670523731        363.81992223693817     
   48.943805327948965        233.85606866683003     
   69.459254847159087        61.851698503960996     
   56.001070211834048        263.90258946763970     
   51.302642981427013        217.16358538608796     
   64.308251049245939        367.04094804370908     
   32.883674068554257        363.08156122786608     
   109.02449387148184        468.64081062065026     
   125.94558955017303        22.996490699951778     
   145.09808777006700        183.14070475583895     
   8.0928239058928142        541.39731616380618     
   17.535140478161665        371.48446308620095     
   111.75089290074632        248.53213431570319     
   9.0520043814301516        589.22178941526840     
   31.533028371375522        5.0869409388927478     
   116.70607409890162        107.81199020251924     
   15.086562889491759        578.19106237381777     
