   78.000000000000000        0.0000000000000000     
   87.000000000000000        0.0000000000000000     
   96.000000000000000        0.0000000000000000     
   105.00000000000000        0.0000000000000000     
   114.00000000000000        0.0000000000000000     
   123.00000000000000        0.0000000000000000     
   132.00000000000000        0.0000000000000000     
   141.00000000000000        0.0000000000000000     
   0.0000000000000000        0.0000000000000000     
   9.0000000000000000        0.0000000000000000     
   18.000000000000000        0.0000000000000000     
   27.000000000000000        0.0000000000000000     
   36.000000000000000        0.0000000000000000     
   45.000000000000000        0.0000000000000000     
   54.000000000000000        0.0000000000000000     
   63.000000000000000        0.0000000000000000     
   72.000000000000000        0.0000000000000000     
   82.500000000000000        7.7942285537719727     
   91.500000000000000        7.7942285537719727     
   100.50000000000000        7.7942285537719727     
   109.50000000000000        7.7942285537719727     
   118.50000000000000        7.7942285537719727     
   127.50000000000000        7.7942285537719727     
   136.50000000000000        7.7942285537719727     
   145.50000000000000        7.7942285537719727     
   4.5000000000000000        7.7942285537719727     
   13.500000000000000        7.7942285537719727     
   22.500000000000000        7.7942285537719727     
   31.500000000000000        7.7942285537719727     
   40.500000000000000        7.7942285537719727     
   49.500000000000000        7.7942285537719727     
   58.500000000000000        7.7942285537719727     
   67.500000000000000        7.7942285537719727     
   78.000000000000000        15.588457107543945     
   87.000000000000000        15.588457107543945     
   96.000000000000000        15.588457107543945     
   105.00000000000000        15.588457107543945     
   114.00000000000000        15.588457107543945     
   123.00000000000000        15.588457107543945     
   132.00000000000000        15.588457107543945     
   141.00000000000000        15.588457107543945     
   0.0000000000000000        15.588457107543945     
   9.0000000000000000        15.588457107543945     
   18.000000000000000        15.588457107543945     
   27.000000000000000        15.588457107543945     
   36.000000000000000        15.588457107543945     
   45.000000000000000        15.588457107543945     
   54.000000000000000        15.588457107543945     
   63.000000000000000        15.588457107543945     
   72.000000000000000        15.588457107543945     
   82.500000000000000        23.382686614990234     
   91.500000000000000        23.382686614990234     
   100.50000000000000        23.382686614990234     
   109.50000000000000        23.382686614990234     
   118.50000000000000        23.382686614990234     
   127.50000000000000        23.382686614990234     
   136.50000000000000        23.382686614990234     
   145.50000000000000        23.382686614990234     
   4.5000000000000000        23.382686614990234     
   13.500000000000000        23.382686614990234     
   22.500000000000000        23.382686614990234     
   31.500000000000000        23.382686614990234     
   40.500000000000000        23.382686614990234     
   49.500000000000000        23.382686614990234     
   58.500000000000000        23.382686614990234     
   67.500000000000000        23.382686614990234     
   78.000000000000000        31.176914215087891     
   87.000000000000000        31.176914215087891     
   96.000000000000000        31.176914215087891     
   105.00000000000000        31.176914215087891     
   114.00000000000000        31.176914215087891     
   123.00000000000000        31.176914215087891     
   132.00000000000000        31.176914215087891     
   141.00000000000000        31.176914215087891     
   0.0000000000000000        31.176914215087891     
   9.0000000000000000        31.176914215087891     
   18.000000000000000        31.176914215087891     
   27.000000000000000        31.176914215087891     
   36.000000000000000        31.176914215087891     
   45.000000000000000        31.176914215087891     
   54.000000000000000        31.176914215087891     
   63.000000000000000        31.176914215087891     
   72.000000000000000        31.176914215087891     
   82.500000000000000        38.971141815185547     
   91.500000000000000        38.971141815185547     
   100.50000000000000        38.971141815185547     
   109.50000000000000        38.971141815185547     
   118.50000000000000        38.971141815185547     
   127.50000000000000        38.971141815185547     
   136.50000000000000        38.971141815185547     
   145.50000000000000        38.971141815185547     
   4.5000000000000000        38.971141815185547     
   13.500000000000000        38.971141815185547     
   22.500000000000000        38.971141815185547     
   31.500000000000000        38.971141815185547     
   40.500000000000000        38.971141815185547     
   49.500000000000000        38.971141815185547     
   58.500000000000000        38.971141815185547     
   67.500000000000000        38.971141815185547     
   78.000000000000000        46.765373229980469     
   87.000000000000000        46.765373229980469     
   96.000000000000000        46.765373229980469     
   105.00000000000000        46.765373229980469     
   114.00000000000000        46.765373229980469     
   123.00000000000000        46.765373229980469     
   132.00000000000000        46.765373229980469     
   141.00000000000000        46.765373229980469     
   0.0000000000000000        46.765373229980469     
   9.0000000000000000        46.765373229980469     
   18.000000000000000        46.765373229980469     
   27.000000000000000        46.765373229980469     
   36.000000000000000        46.765373229980469     
   45.000000000000000        46.765373229980469     
   54.000000000000000        46.765373229980469     
   63.000000000000000        46.765373229980469     
   72.000000000000000        46.765373229980469     
   82.500000000000000        54.559600830078125     
   91.500000000000000        54.559600830078125     
   100.50000000000000        54.559600830078125     
   109.50000000000000        54.559600830078125     
   118.50000000000000        54.559600830078125     
   127.50000000000000        54.559600830078125     
   136.50000000000000        54.559600830078125     
   145.50000000000000        54.559600830078125     
   4.5000000000000000        54.559600830078125     
   13.500000000000000        54.559600830078125     
   22.500000000000000        54.559600830078125     
   31.500000000000000        54.559600830078125     
   40.500000000000000        54.559600830078125     
   49.500000000000000        54.559600830078125     
   58.500000000000000        54.559600830078125     
   67.500000000000000        54.559600830078125     
   78.000000000000000        62.353828430175781     
   87.000000000000000        62.353828430175781     
   96.000000000000000        62.353828430175781     
   105.00000000000000        62.353828430175781     
   114.00000000000000        62.353828430175781     
   123.00000000000000        62.353828430175781     
   132.00000000000000        62.353828430175781     
   141.00000000000000        62.353828430175781     
   0.0000000000000000        62.353828430175781     
   9.0000000000000000        62.353828430175781     
   18.000000000000000        62.353828430175781     
   27.000000000000000        62.353828430175781     
   36.000000000000000        62.353828430175781     
   45.000000000000000        62.353828430175781     
   54.000000000000000        62.353828430175781     
   63.000000000000000        62.353828430175781     
   72.000000000000000        62.353828430175781     
   82.500000000000000        70.148056030273438     
   91.500000000000000        70.148056030273438     
   100.50000000000000        70.148056030273438     
   109.50000000000000        70.148056030273438     
   118.50000000000000        70.148056030273438     
   127.50000000000000        70.148056030273438     
   136.50000000000000        70.148056030273438     
   145.50000000000000        70.148056030273438     
   4.5000000000000000        70.148056030273438     
   13.500000000000000        70.148056030273438     
   22.500000000000000        70.148056030273438     
   31.500000000000000        70.148056030273438     
   40.500000000000000        70.148056030273438     
   49.500000000000000        70.148056030273438     
   58.500000000000000        70.148056030273438     
   67.500000000000000        70.148056030273438     
   78.000000000000000        77.942283630371094     
   87.000000000000000        77.942283630371094     
   96.000000000000000        77.942283630371094     
   105.00000000000000        77.942283630371094     
   114.00000000000000        77.942283630371094     
   123.00000000000000        77.942283630371094     
   132.00000000000000        77.942283630371094     
   141.00000000000000        77.942283630371094     
   0.0000000000000000        77.942283630371094     
   9.0000000000000000        77.942283630371094     
   18.000000000000000        77.942283630371094     
   27.000000000000000        77.942283630371094     
   36.000000000000000        77.942283630371094     
   45.000000000000000        77.942283630371094     
   54.000000000000000        77.942283630371094     
   63.000000000000000        77.942283630371094     
   72.000000000000000        77.942283630371094     
   82.500000000000000        85.736511230468750     
   91.500000000000000        85.736511230468750     
   100.50000000000000        85.736511230468750     
   109.50000000000000        85.736511230468750     
   118.50000000000000        85.736511230468750     
   127.50000000000000        85.736511230468750     
   136.50000000000000        85.736511230468750     
   145.50000000000000        85.736511230468750     
   4.5000000000000000        85.736511230468750     
   13.500000000000000        85.736511230468750     
   22.500000000000000        85.736511230468750     
   31.500000000000000        85.736511230468750     
   40.500000000000000        85.736511230468750     
   49.500000000000000        85.736511230468750     
   58.500000000000000        85.736511230468750     
   67.500000000000000        85.736511230468750     
   78.000000000000000        93.530746459960938     
   87.000000000000000        93.530746459960938     
   96.000000000000000        93.530746459960938     
   105.00000000000000        93.530746459960938     
   114.00000000000000        93.530746459960938     
   123.00000000000000        93.530746459960938     
   132.00000000000000        93.530746459960938     
   141.00000000000000        93.530746459960938     
   0.0000000000000000        93.530746459960938     
   9.0000000000000000        93.530746459960938     
   18.000000000000000        93.530746459960938     
   27.000000000000000        93.530746459960938     
   36.000000000000000        93.530746459960938     
   45.000000000000000        93.530746459960938     
   54.000000000000000        93.530746459960938     
   63.000000000000000        93.530746459960938     
   72.000000000000000        93.530746459960938     
   82.500000000000000        101.32497406005859     
   91.500000000000000        101.32497406005859     
   100.50000000000000        101.32497406005859     
   109.50000000000000        101.32497406005859     
   118.50000000000000        101.32497406005859     
   127.50000000000000        101.32497406005859     
   136.50000000000000        101.32497406005859     
   145.50000000000000        101.32497406005859     
   4.5000000000000000        101.32497406005859     
   13.500000000000000        101.32497406005859     
   22.500000000000000        101.32497406005859     
   31.500000000000000        101.32497406005859     
   40.500000000000000        101.32497406005859     
   49.500000000000000        101.32497406005859     
   58.500000000000000        101.32497406005859     
   67.500000000000000        101.32497406005859     
   78.000000000000000        109.11920166015625     
   87.000000000000000        109.11920166015625     
   96.000000000000000        109.11920166015625     
   105.00000000000000        109.11920166015625     
   114.00000000000000        109.11920166015625     
   123.00000000000000        109.11920166015625     
   132.00000000000000        109.11920166015625     
   141.00000000000000        109.11920166015625     
   0.0000000000000000        109.11920166015625     
   9.0000000000000000        109.11920166015625     
   18.000000000000000        109.11920166015625     
   27.000000000000000        109.11920166015625     
   36.000000000000000        109.11920166015625     
   45.000000000000000        109.11920166015625     
   54.000000000000000        109.11920166015625     
   63.000000000000000        109.11920166015625     
   72.000000000000000        109.11920166015625     
   82.500000000000000        116.91342926025391     
   91.500000000000000        116.91342926025391     
   100.50000000000000        116.91342926025391     
   109.50000000000000        116.91342926025391     
   118.50000000000000        116.91342926025391     
   127.50000000000000        116.91342926025391     
   136.50000000000000        116.91342926025391     
   145.50000000000000        116.91342926025391     
   4.5000000000000000        116.91342926025391     
   13.500000000000000        116.91342926025391     
   22.500000000000000        116.91342926025391     
   31.500000000000000        116.91342926025391     
   40.500000000000000        116.91342926025391     
   49.500000000000000        116.91342926025391     
   58.500000000000000        116.91342926025391     
   67.500000000000000        116.91342926025391     
   78.000000000000000        124.70765686035156     
   87.000000000000000        124.70765686035156     
   96.000000000000000        124.70765686035156     
   105.00000000000000        124.70765686035156     
   114.00000000000000        124.70765686035156     
   123.00000000000000        124.70765686035156     
   132.00000000000000        124.70765686035156     
   141.00000000000000        124.70765686035156     
   0.0000000000000000        124.70765686035156     
   9.0000000000000000        124.70765686035156     
   18.000000000000000        124.70765686035156     
   27.000000000000000        124.70765686035156     
   36.000000000000000        124.70765686035156     
   45.000000000000000        124.70765686035156     
   54.000000000000000        124.70765686035156     
   63.000000000000000        124.70765686035156     
   72.000000000000000        124.70765686035156     
   82.500000000000000        132.50189208984375     
   91.500000000000000        132.50189208984375     
   100.50000000000000        132.50189208984375     
   109.50000000000000        132.50189208984375     
   118.50000000000000        132.50189208984375     
   127.50000000000000        132.50189208984375     
   136.50000000000000        132.50189208984375     
   145.50000000000000        132.50189208984375     
   4.5000000000000000        132.50189208984375     
   13.500000000000000        132.50189208984375     
   22.500000000000000        132.50189208984375     
   31.500000000000000        132.50189208984375     
   40.500000000000000        132.50189208984375     
   49.500000000000000        132.50189208984375     
   58.500000000000000        132.50189208984375     
   67.500000000000000        132.50189208984375     
   78.000000000000000        140.29611206054688     
   87.000000000000000        140.29611206054688     
   96.000000000000000        140.29611206054688     
   105.00000000000000        140.29611206054688     
   114.00000000000000        140.29611206054688     
   123.00000000000000        140.29611206054688     
   132.00000000000000        140.29611206054688     
   141.00000000000000        140.29611206054688     
   0.0000000000000000        140.29611206054688     
   9.0000000000000000        140.29611206054688     
   18.000000000000000        140.29611206054688     
   27.000000000000000        140.29611206054688     
   36.000000000000000        140.29611206054688     
   45.000000000000000        140.29611206054688     
   54.000000000000000        140.29611206054688     
   63.000000000000000        140.29611206054688     
   72.000000000000000        140.29611206054688     
   82.500000000000000        148.09034729003906     
   91.500000000000000        148.09034729003906     
   100.50000000000000        148.09034729003906     
   109.50000000000000        148.09034729003906     
   118.50000000000000        148.09034729003906     
   127.50000000000000        148.09034729003906     
   136.50000000000000        148.09034729003906     
   145.50000000000000        148.09034729003906     
   4.5000000000000000        148.09034729003906     
   13.500000000000000        148.09034729003906     
   22.500000000000000        148.09034729003906     
   31.500000000000000        148.09034729003906     
   40.500000000000000        148.09034729003906     
   49.500000000000000        148.09034729003906     
   58.500000000000000        148.09034729003906     
   67.500000000000000        148.09034729003906     
   78.000000000000000        155.88456726074219     
   87.000000000000000        155.88456726074219     
   96.000000000000000        155.88456726074219     
   105.00000000000000        155.88456726074219     
   114.00000000000000        155.88456726074219     
   123.00000000000000        155.88456726074219     
   132.00000000000000        155.88456726074219     
   141.00000000000000        155.88456726074219     
   0.0000000000000000        155.88456726074219     
   9.0000000000000000        155.88456726074219     
   18.000000000000000        155.88456726074219     
   27.000000000000000        155.88456726074219     
   36.000000000000000        155.88456726074219     
   45.000000000000000        155.88456726074219     
   54.000000000000000        155.88456726074219     
   63.000000000000000        155.88456726074219     
   72.000000000000000        155.88456726074219     
   82.500000000000000        163.67880249023438     
   91.500000000000000        163.67880249023438     
   100.50000000000000        163.67880249023438     
   109.50000000000000        163.67880249023438     
   118.50000000000000        163.67880249023438     
   127.50000000000000        163.67880249023438     
   136.50000000000000        163.67880249023438     
   145.50000000000000        163.67880249023438     
   4.5000000000000000        163.67880249023438     
   13.500000000000000        163.67880249023438     
   22.500000000000000        163.67880249023438     
   31.500000000000000        163.67880249023438     
   40.500000000000000        163.67880249023438     
   49.500000000000000        163.67880249023438     
   58.500000000000000        163.67880249023438     
   67.500000000000000        163.67880249023438     
   78.000000000000000        171.47302246093750     
   87.000000000000000        171.47302246093750     
   96.000000000000000        171.47302246093750     
   105.00000000000000        171.47302246093750     
   114.00000000000000        171.47302246093750     
   123.00000000000000        171.47302246093750     
   132.00000000000000        171.47302246093750     
   141.00000000000000        171.47302246093750     
   0.0000000000000000        171.47302246093750     
   9.0000000000000000        171.47302246093750     
   18.000000000000000        171.47302246093750     
   27.000000000000000        171.47302246093750     
   36.000000000000000        171.47302246093750     
   45.000000000000000        171.47302246093750     
   54.000000000000000        171.47302246093750     
   63.000000000000000        171.47302246093750     
   72.000000000000000        171.47302246093750     
   82.500000000000000        179.26725769042969     
   91.500000000000000        179.26725769042969     
   100.50000000000000        179.26725769042969     
   109.50000000000000        179.26725769042969     
   118.50000000000000        179.26725769042969     
   127.50000000000000        179.26725769042969     
   136.50000000000000        179.26725769042969     
   145.50000000000000        179.26725769042969     
   4.5000000000000000        179.26725769042969     
   13.500000000000000        179.26725769042969     
   22.500000000000000        179.26725769042969     
   31.500000000000000        179.26725769042969     
   40.500000000000000        179.26725769042969     
   49.500000000000000        179.26725769042969     
   58.500000000000000        179.26725769042969     
   67.500000000000000        179.26725769042969     
   78.000000000000000        187.06149291992188     
   87.000000000000000        187.06149291992188     
   96.000000000000000        187.06149291992188     
   105.00000000000000        187.06149291992188     
   114.00000000000000        187.06149291992188     
   123.00000000000000        187.06149291992188     
   132.00000000000000        187.06149291992188     
   141.00000000000000        187.06149291992188     
   0.0000000000000000        187.06149291992188     
   9.0000000000000000        187.06149291992188     
   18.000000000000000        187.06149291992188     
   27.000000000000000        187.06149291992188     
   36.000000000000000        187.06149291992188     
   45.000000000000000        187.06149291992188     
   54.000000000000000        187.06149291992188     
   63.000000000000000        187.06149291992188     
   72.000000000000000        187.06149291992188     
   82.500000000000000        194.85571289062500     
   91.500000000000000        194.85571289062500     
   100.50000000000000        194.85571289062500     
   109.50000000000000        194.85571289062500     
   118.50000000000000        194.85571289062500     
   127.50000000000000        194.85571289062500     
   136.50000000000000        194.85571289062500     
   145.50000000000000        194.85571289062500     
   4.5000000000000000        194.85571289062500     
   13.500000000000000        194.85571289062500     
   22.500000000000000        194.85571289062500     
   31.500000000000000        194.85571289062500     
   40.500000000000000        194.85571289062500     
   49.500000000000000        194.85571289062500     
   58.500000000000000        194.85571289062500     
   67.500000000000000        194.85571289062500     
   78.000000000000000        202.64994812011719     
   87.000000000000000        202.64994812011719     
   96.000000000000000        202.64994812011719     
   105.00000000000000        202.64994812011719     
   114.00000000000000        202.64994812011719     
   123.00000000000000        202.64994812011719     
   132.00000000000000        202.64994812011719     
   141.00000000000000        202.64994812011719     
   0.0000000000000000        202.64994812011719     
   9.0000000000000000        202.64994812011719     
   18.000000000000000        202.64994812011719     
   27.000000000000000        202.64994812011719     
   36.000000000000000        202.64994812011719     
   45.000000000000000        202.64994812011719     
   54.000000000000000        202.64994812011719     
   63.000000000000000        202.64994812011719     
   72.000000000000000        202.64994812011719     
   82.500000000000000        210.44416809082031     
   91.500000000000000        210.44416809082031     
   100.50000000000000        210.44416809082031     
   109.50000000000000        210.44416809082031     
   118.50000000000000        210.44416809082031     
   127.50000000000000        210.44416809082031     
   136.50000000000000        210.44416809082031     
   145.50000000000000        210.44416809082031     
   4.5000000000000000        210.44416809082031     
   13.500000000000000        210.44416809082031     
   22.500000000000000        210.44416809082031     
   31.500000000000000        210.44416809082031     
   40.500000000000000        210.44416809082031     
   49.500000000000000        210.44416809082031     
   58.500000000000000        210.44416809082031     
   67.500000000000000        210.44416809082031     
   78.000000000000000        218.23840332031250     
   87.000000000000000        218.23840332031250     
   96.000000000000000        218.23840332031250     
   105.00000000000000        218.23840332031250     
   114.00000000000000        218.23840332031250     
   123.00000000000000        218.23840332031250     
   132.00000000000000        218.23840332031250     
   141.00000000000000        218.23840332031250     
   0.0000000000000000        218.23840332031250     
   9.0000000000000000        218.23840332031250     
   18.000000000000000        218.23840332031250     
   27.000000000000000        218.23840332031250     
   36.000000000000000        218.23840332031250     
   45.000000000000000        218.23840332031250     
   54.000000000000000        218.23840332031250     
   63.000000000000000        218.23840332031250     
   72.000000000000000        218.23840332031250     
   82.500000000000000        226.03262329101562     
   91.500000000000000        226.03262329101562     
   100.50000000000000        226.03262329101562     
   109.50000000000000        226.03262329101562     
   118.50000000000000        226.03262329101562     
   127.50000000000000        226.03262329101562     
   136.50000000000000        226.03262329101562     
   145.50000000000000        226.03262329101562     
   4.5000000000000000        226.03262329101562     
   13.500000000000000        226.03262329101562     
   22.500000000000000        226.03262329101562     
   31.500000000000000        226.03262329101562     
   40.500000000000000        226.03262329101562     
   49.500000000000000        226.03262329101562     
   58.500000000000000        226.03262329101562     
   67.500000000000000        226.03262329101562     
   78.000000000000000        233.82685852050781     
   87.000000000000000        233.82685852050781     
   96.000000000000000        233.82685852050781     
   105.00000000000000        233.82685852050781     
   114.00000000000000        233.82685852050781     
   123.00000000000000        233.82685852050781     
   132.00000000000000        233.82685852050781     
   141.00000000000000        233.82685852050781     
   0.0000000000000000        233.82685852050781     
   9.0000000000000000        233.82685852050781     
   18.000000000000000        233.82685852050781     
   27.000000000000000        233.82685852050781     
   36.000000000000000        233.82685852050781     
   45.000000000000000        233.82685852050781     
   54.000000000000000        233.82685852050781     
   63.000000000000000        233.82685852050781     
   72.000000000000000        233.82685852050781     
   82.500000000000000        241.62107849121094     
   91.500000000000000        241.62107849121094     
   100.50000000000000        241.62107849121094     
   109.50000000000000        241.62107849121094     
   118.50000000000000        241.62107849121094     
   127.50000000000000        241.62107849121094     
   136.50000000000000        241.62107849121094     
   145.50000000000000        241.62107849121094     
   4.5000000000000000        241.62107849121094     
   13.500000000000000        241.62107849121094     
   22.500000000000000        241.62107849121094     
   31.500000000000000        241.62107849121094     
   40.500000000000000        241.62107849121094     
   49.500000000000000        241.62107849121094     
   58.500000000000000        241.62107849121094     
   67.500000000000000        241.62107849121094     
   78.000000000000000        249.41531372070312     
   87.000000000000000        249.41531372070312     
   96.000000000000000        249.41531372070312     
   105.00000000000000        249.41531372070312     
   114.00000000000000        249.41531372070312     
   123.00000000000000        249.41531372070312     
   132.00000000000000        249.41531372070312     
   141.00000000000000        249.41531372070312     
   0.0000000000000000        249.41531372070312     
   9.0000000000000000        249.41531372070312     
   18.000000000000000        249.41531372070312     
   27.000000000000000        249.41531372070312     
   36.000000000000000        249.41531372070312     
   45.000000000000000        249.41531372070312     
   54.000000000000000        249.41531372070312     
   63.000000000000000        249.41531372070312     
   72.000000000000000        249.41531372070312     
   82.500000000000000        257.20953369140625     
   91.500000000000000        257.20953369140625     
   100.50000000000000        257.20953369140625     
   109.50000000000000        257.20953369140625     
   118.50000000000000        257.20953369140625     
   127.50000000000000        257.20953369140625     
   136.50000000000000        257.20953369140625     
   145.50000000000000        257.20953369140625     
   4.5000000000000000        257.20953369140625     
   13.500000000000000        257.20953369140625     
   22.500000000000000        257.20953369140625     
   31.500000000000000        257.20953369140625     
   40.500000000000000        257.20953369140625     
   49.500000000000000        257.20953369140625     
   58.500000000000000        257.20953369140625     
   67.500000000000000        257.20953369140625     
   78.000000000000000        265.00378417968750     
   87.000000000000000        265.00378417968750     
   96.000000000000000        265.00378417968750     
   105.00000000000000        265.00378417968750     
   114.00000000000000        265.00378417968750     
   123.00000000000000        265.00378417968750     
   132.00000000000000        265.00378417968750     
   141.00000000000000        265.00378417968750     
   0.0000000000000000        265.00378417968750     
   9.0000000000000000        265.00378417968750     
   18.000000000000000        265.00378417968750     
   27.000000000000000        265.00378417968750     
   36.000000000000000        265.00378417968750     
   45.000000000000000        265.00378417968750     
   54.000000000000000        265.00378417968750     
   63.000000000000000        265.00378417968750     
   72.000000000000000        265.00378417968750     
   82.500000000000000        272.79800415039062     
   91.500000000000000        272.79800415039062     
   100.50000000000000        272.79800415039062     
   109.50000000000000        272.79800415039062     
   118.50000000000000        272.79800415039062     
   127.50000000000000        272.79800415039062     
   136.50000000000000        272.79800415039062     
   145.50000000000000        272.79800415039062     
   4.5000000000000000        272.79800415039062     
   13.500000000000000        272.79800415039062     
   22.500000000000000        272.79800415039062     
   31.500000000000000        272.79800415039062     
   40.500000000000000        272.79800415039062     
   49.500000000000000        272.79800415039062     
   58.500000000000000        272.79800415039062     
   67.500000000000000        272.79800415039062     
   78.000000000000000        280.59222412109375     
   87.000000000000000        280.59222412109375     
   96.000000000000000        280.59222412109375     
   105.00000000000000        280.59222412109375     
   114.00000000000000        280.59222412109375     
   123.00000000000000        280.59222412109375     
   132.00000000000000        280.59222412109375     
   141.00000000000000        280.59222412109375     
   0.0000000000000000        280.59222412109375     
   9.0000000000000000        280.59222412109375     
   18.000000000000000        280.59222412109375     
   27.000000000000000        280.59222412109375     
   36.000000000000000        280.59222412109375     
   45.000000000000000        280.59222412109375     
   54.000000000000000        280.59222412109375     
   63.000000000000000        280.59222412109375     
   72.000000000000000        280.59222412109375     
   82.500000000000000        288.38644409179688     
   91.500000000000000        288.38644409179688     
   100.50000000000000        288.38644409179688     
   109.50000000000000        288.38644409179688     
   118.50000000000000        288.38644409179688     
   127.50000000000000        288.38644409179688     
   136.50000000000000        288.38644409179688     
   145.50000000000000        288.38644409179688     
   4.5000000000000000        288.38644409179688     
   13.500000000000000        288.38644409179688     
   22.500000000000000        288.38644409179688     
   31.500000000000000        288.38644409179688     
   40.500000000000000        288.38644409179688     
   49.500000000000000        288.38644409179688     
   58.500000000000000        288.38644409179688     
   67.500000000000000        288.38644409179688     
   78.000000000000000        296.18069458007812     
   87.000000000000000        296.18069458007812     
   96.000000000000000        296.18069458007812     
   105.00000000000000        296.18069458007812     
   114.00000000000000        296.18069458007812     
   123.00000000000000        296.18069458007812     
   132.00000000000000        296.18069458007812     
   141.00000000000000        296.18069458007812     
   0.0000000000000000        296.18069458007812     
   9.0000000000000000        296.18069458007812     
   18.000000000000000        296.18069458007812     
   27.000000000000000        296.18069458007812     
   36.000000000000000        296.18069458007812     
   45.000000000000000        296.18069458007812     
   54.000000000000000        296.18069458007812     
   63.000000000000000        296.18069458007812     
   72.000000000000000        296.18069458007812     
   82.500000000000000        303.97491455078125     
   91.500000000000000        303.97491455078125     
   100.50000000000000        303.97491455078125     
   109.50000000000000        303.97491455078125     
   118.50000000000000        303.97491455078125     
   127.50000000000000        303.97491455078125     
   136.50000000000000        303.97491455078125     
   145.50000000000000        303.97491455078125     
   4.5000000000000000        303.97491455078125     
   13.500000000000000        303.97491455078125     
   22.500000000000000        303.97491455078125     
   31.500000000000000        303.97491455078125     
   40.500000000000000        303.97491455078125     
   49.500000000000000        303.97491455078125     
   58.500000000000000        303.97491455078125     
   67.500000000000000        303.97491455078125     
   78.000000000000000        311.76913452148438     
   87.000000000000000        311.76913452148438     
   96.000000000000000        311.76913452148438     
   105.00000000000000        311.76913452148438     
   114.00000000000000        311.76913452148438     
   123.00000000000000        311.76913452148438     
   132.00000000000000        311.76913452148438     
   141.00000000000000        311.76913452148438     
   0.0000000000000000        311.76913452148438     
   9.0000000000000000        311.76913452148438     
   18.000000000000000        311.76913452148438     
   27.000000000000000        311.76913452148438     
   36.000000000000000        311.76913452148438     
   45.000000000000000        311.76913452148438     
   54.000000000000000        311.76913452148438     
   63.000000000000000        311.76913452148438     
   72.000000000000000        311.76913452148438     
   82.500000000000000        319.56338500976562     
   91.500000000000000        319.56338500976562     
   100.50000000000000        319.56338500976562     
   109.50000000000000        319.56338500976562     
   118.50000000000000        319.56338500976562     
   127.50000000000000        319.56338500976562     
   136.50000000000000        319.56338500976562     
   145.50000000000000        319.56338500976562     
   4.5000000000000000        319.56338500976562     
   13.500000000000000        319.56338500976562     
   22.500000000000000        319.56338500976562     
   31.500000000000000        319.56338500976562     
   40.500000000000000        319.56338500976562     
   49.500000000000000        319.56338500976562     
   58.500000000000000        319.56338500976562     
   67.500000000000000        319.56338500976562     
   78.000000000000000        327.35760498046875     
   87.000000000000000        327.35760498046875     
   96.000000000000000        327.35760498046875     
   105.00000000000000        327.35760498046875     
   114.00000000000000        327.35760498046875     
   123.00000000000000        327.35760498046875     
   132.00000000000000        327.35760498046875     
   141.00000000000000        327.35760498046875     
   0.0000000000000000        327.35760498046875     
   9.0000000000000000        327.35760498046875     
   18.000000000000000        327.35760498046875     
   27.000000000000000        327.35760498046875     
   36.000000000000000        327.35760498046875     
   45.000000000000000        327.35760498046875     
   54.000000000000000        327.35760498046875     
   63.000000000000000        327.35760498046875     
   72.000000000000000        327.35760498046875     
   82.500000000000000        335.15182495117188     
   91.500000000000000        335.15182495117188     
   100.50000000000000        335.15182495117188     
   109.50000000000000        335.15182495117188     
   118.50000000000000        335.15182495117188     
   127.50000000000000        335.15182495117188     
   136.50000000000000        335.15182495117188     
   145.50000000000000        335.15182495117188     
   4.5000000000000000        335.15182495117188     
   13.500000000000000        335.15182495117188     
   22.500000000000000        335.15182495117188     
   31.500000000000000        335.15182495117188     
   40.500000000000000        335.15182495117188     
   49.500000000000000        335.15182495117188     
   58.500000000000000        335.15182495117188     
   67.500000000000000        335.15182495117188     
   78.000000000000000        342.94604492187500     
   87.000000000000000        342.94604492187500     
   96.000000000000000        342.94604492187500     
   105.00000000000000        342.94604492187500     
   114.00000000000000        342.94604492187500     
   123.00000000000000        342.94604492187500     
   132.00000000000000        342.94604492187500     
   141.00000000000000        342.94604492187500     
   0.0000000000000000        342.94604492187500     
   9.0000000000000000        342.94604492187500     
   18.000000000000000        342.94604492187500     
   27.000000000000000        342.94604492187500     
   36.000000000000000        342.94604492187500     
   45.000000000000000        342.94604492187500     
   54.000000000000000        342.94604492187500     
   63.000000000000000        342.94604492187500     
   72.000000000000000        342.94604492187500     
   82.500000000000000        350.74029541015625     
   91.500000000000000        350.74029541015625     
   100.50000000000000        350.74029541015625     
   109.50000000000000        350.74029541015625     
   118.50000000000000        350.74029541015625     
   127.50000000000000        350.74029541015625     
   136.50000000000000        350.74029541015625     
   145.50000000000000        350.74029541015625     
   4.5000000000000000        350.74029541015625     
   13.500000000000000        350.74029541015625     
   22.500000000000000        350.74029541015625     
   31.500000000000000        350.74029541015625     
   40.500000000000000        350.74029541015625     
   49.500000000000000        350.74029541015625     
   58.500000000000000        350.74029541015625     
   67.500000000000000        350.74029541015625     
   78.000000000000000        358.53451538085938     
   87.000000000000000        358.53451538085938     
   96.000000000000000        358.53451538085938     
   105.00000000000000        358.53451538085938     
   114.00000000000000        358.53451538085938     
   123.00000000000000        358.53451538085938     
   132.00000000000000        358.53451538085938     
   141.00000000000000        358.53451538085938     
   0.0000000000000000        358.53451538085938     
   9.0000000000000000        358.53451538085938     
   18.000000000000000        358.53451538085938     
   27.000000000000000        358.53451538085938     
   36.000000000000000        358.53451538085938     
   45.000000000000000        358.53451538085938     
   54.000000000000000        358.53451538085938     
   63.000000000000000        358.53451538085938     
   72.000000000000000        358.53451538085938     
   82.500000000000000        366.32873535156250     
   91.500000000000000        366.32873535156250     
   100.50000000000000        366.32873535156250     
   109.50000000000000        366.32873535156250     
   118.50000000000000        366.32873535156250     
   127.50000000000000        366.32873535156250     
   136.50000000000000        366.32873535156250     
   145.50000000000000        366.32873535156250     
   4.5000000000000000        366.32873535156250     
   13.500000000000000        366.32873535156250     
   22.500000000000000        366.32873535156250     
   31.500000000000000        366.32873535156250     
   40.500000000000000        366.32873535156250     
   49.500000000000000        366.32873535156250     
   58.500000000000000        366.32873535156250     
   67.500000000000000        366.32873535156250     
   78.000000000000000        374.12298583984375     
   87.000000000000000        374.12298583984375     
   96.000000000000000        374.12298583984375     
   105.00000000000000        374.12298583984375     
   114.00000000000000        374.12298583984375     
   123.00000000000000        374.12298583984375     
   132.00000000000000        374.12298583984375     
   141.00000000000000        374.12298583984375     
   0.0000000000000000        374.12298583984375     
   9.0000000000000000        374.12298583984375     
   18.000000000000000        374.12298583984375     
   27.000000000000000        374.12298583984375     
   36.000000000000000        374.12298583984375     
   45.000000000000000        374.12298583984375     
   54.000000000000000        374.12298583984375     
   63.000000000000000        374.12298583984375     
   72.000000000000000        374.12298583984375     
   82.500000000000000        381.91720581054688     
   91.500000000000000        381.91720581054688     
   100.50000000000000        381.91720581054688     
   109.50000000000000        381.91720581054688     
   118.50000000000000        381.91720581054688     
   127.50000000000000        381.91720581054688     
   136.50000000000000        381.91720581054688     
   145.50000000000000        381.91720581054688     
   4.5000000000000000        381.91720581054688     
   13.500000000000000        381.91720581054688     
   22.500000000000000        381.91720581054688     
   31.500000000000000        381.91720581054688     
   40.500000000000000        381.91720581054688     
   49.500000000000000        381.91720581054688     
   58.500000000000000        381.91720581054688     
   67.500000000000000        381.91720581054688     
   78.000000000000000        389.71142578125000     
   87.000000000000000        389.71142578125000     
   96.000000000000000        389.71142578125000     
   105.00000000000000        389.71142578125000     
   114.00000000000000        389.71142578125000     
   123.00000000000000        389.71142578125000     
   132.00000000000000        389.71142578125000     
   141.00000000000000        389.71142578125000     
   0.0000000000000000        389.71142578125000     
   9.0000000000000000        389.71142578125000     
   18.000000000000000        389.71142578125000     
   27.000000000000000        389.71142578125000     
   36.000000000000000        389.71142578125000     
   45.000000000000000        389.71142578125000     
   54.000000000000000        389.71142578125000     
   63.000000000000000        389.71142578125000     
   72.000000000000000        389.71142578125000     
   82.500000000000000        397.50564575195312     
   91.500000000000000        397.50564575195312     
   100.50000000000000        397.50564575195312     
   109.50000000000000        397.50564575195312     
   118.50000000000000        397.50564575195312     
   127.50000000000000        397.50564575195312     
   136.50000000000000        397.50564575195312     
   145.50000000000000        397.50564575195312     
   4.5000000000000000        397.50564575195312     
   13.500000000000000        397.50564575195312     
   22.500000000000000        397.50564575195312     
   31.500000000000000        397.50564575195312     
   40.500000000000000        397.50564575195312     
   49.500000000000000        397.50564575195312     
   58.500000000000000        397.50564575195312     
   67.500000000000000        397.50564575195312     
   78.000000000000000        405.29989624023438     
   87.000000000000000        405.29989624023438     
   96.000000000000000        405.29989624023438     
   105.00000000000000        405.29989624023438     
   114.00000000000000        405.29989624023438     
   123.00000000000000        405.29989624023438     
   132.00000000000000        405.29989624023438     
   141.00000000000000        405.29989624023438     
   0.0000000000000000        405.29989624023438     
   9.0000000000000000        405.29989624023438     
   18.000000000000000        405.29989624023438     
   27.000000000000000        405.29989624023438     
   36.000000000000000        405.29989624023438     
   45.000000000000000        405.29989624023438     
   54.000000000000000        405.29989624023438     
   63.000000000000000        405.29989624023438     
   72.000000000000000        405.29989624023438     
   82.500000000000000        413.09411621093750     
   91.500000000000000        413.09411621093750     
   100.50000000000000        413.09411621093750     
   109.50000000000000        413.09411621093750     
   118.50000000000000        413.09411621093750     
   127.50000000000000        413.09411621093750     
   136.50000000000000        413.09411621093750     
   145.50000000000000        413.09411621093750     
   4.5000000000000000        413.09411621093750     
   13.500000000000000        413.09411621093750     
   22.500000000000000        413.09411621093750     
   31.500000000000000        413.09411621093750     
   40.500000000000000        413.09411621093750     
   49.500000000000000        413.09411621093750     
   58.500000000000000        413.09411621093750     
   67.500000000000000        413.09411621093750     
   78.000000000000000        420.88833618164062     
   87.000000000000000        420.88833618164062     
   96.000000000000000        420.88833618164062     
   105.00000000000000        420.88833618164062     
   114.00000000000000        420.88833618164062     
   123.00000000000000        420.88833618164062     
   132.00000000000000        420.88833618164062     
   141.00000000000000        420.88833618164062     
   0.0000000000000000        420.88833618164062     
   9.0000000000000000        420.88833618164062     
   18.000000000000000        420.88833618164062     
   27.000000000000000        420.88833618164062     
   36.000000000000000        420.88833618164062     
   45.000000000000000        420.88833618164062     
   54.000000000000000        420.88833618164062     
   63.000000000000000        420.88833618164062     
   72.000000000000000        420.88833618164062     
   82.500000000000000        428.68255615234375     
   91.500000000000000        428.68255615234375     
   100.50000000000000        428.68255615234375     
   109.50000000000000        428.68255615234375     
   118.50000000000000        428.68255615234375     
   127.50000000000000        428.68255615234375     
   136.50000000000000        428.68255615234375     
   145.50000000000000        428.68255615234375     
   4.5000000000000000        428.68255615234375     
   13.500000000000000        428.68255615234375     
   22.500000000000000        428.68255615234375     
   31.500000000000000        428.68255615234375     
   40.500000000000000        428.68255615234375     
   49.500000000000000        428.68255615234375     
   58.500000000000000        428.68255615234375     
   67.500000000000000        428.68255615234375     
   78.000000000000000        436.47680664062500     
   87.000000000000000        436.47680664062500     
   96.000000000000000        436.47680664062500     
   105.00000000000000        436.47680664062500     
   114.00000000000000        436.47680664062500     
   123.00000000000000        436.47680664062500     
   132.00000000000000        436.47680664062500     
   141.00000000000000        436.47680664062500     
   0.0000000000000000        436.47680664062500     
   9.0000000000000000        436.47680664062500     
   18.000000000000000        436.47680664062500     
   27.000000000000000        436.47680664062500     
   36.000000000000000        436.47680664062500     
   45.000000000000000        436.47680664062500     
   54.000000000000000        436.47680664062500     
   63.000000000000000        436.47680664062500     
   72.000000000000000        436.47680664062500     
   82.500000000000000        444.27102661132812     
   91.500000000000000        444.27102661132812     
   100.50000000000000        444.27102661132812     
   109.50000000000000        444.27102661132812     
   118.50000000000000        444.27102661132812     
   127.50000000000000        444.27102661132812     
   136.50000000000000        444.27102661132812     
   145.50000000000000        444.27102661132812     
   4.5000000000000000        444.27102661132812     
   13.500000000000000        444.27102661132812     
   22.500000000000000        444.27102661132812     
   31.500000000000000        444.27102661132812     
   40.500000000000000        444.27102661132812     
   49.500000000000000        444.27102661132812     
   58.500000000000000        444.27102661132812     
   67.500000000000000        444.27102661132812     
   78.000000000000000        452.06524658203125     
   87.000000000000000        452.06524658203125     
   96.000000000000000        452.06524658203125     
   105.00000000000000        452.06524658203125     
   114.00000000000000        452.06524658203125     
   123.00000000000000        452.06524658203125     
   132.00000000000000        452.06524658203125     
   141.00000000000000        452.06524658203125     
   0.0000000000000000        452.06524658203125     
   9.0000000000000000        452.06524658203125     
   18.000000000000000        452.06524658203125     
   27.000000000000000        452.06524658203125     
   36.000000000000000        452.06524658203125     
   45.000000000000000        452.06524658203125     
   54.000000000000000        452.06524658203125     
   63.000000000000000        452.06524658203125     
   72.000000000000000        452.06524658203125     
   82.500000000000000        459.85949707031250     
   91.500000000000000        459.85949707031250     
   100.50000000000000        459.85949707031250     
   109.50000000000000        459.85949707031250     
   118.50000000000000        459.85949707031250     
   127.50000000000000        459.85949707031250     
   136.50000000000000        459.85949707031250     
   145.50000000000000        459.85949707031250     
   4.5000000000000000        459.85949707031250     
   13.500000000000000        459.85949707031250     
   22.500000000000000        459.85949707031250     
   31.500000000000000        459.85949707031250     
   40.500000000000000        459.85949707031250     
   49.500000000000000        459.85949707031250     
   58.500000000000000        459.85949707031250     
   67.500000000000000        459.85949707031250     
   78.000000000000000        467.65371704101562     
   87.000000000000000        467.65371704101562     
   96.000000000000000        467.65371704101562     
   105.00000000000000        467.65371704101562     
   114.00000000000000        467.65371704101562     
   123.00000000000000        467.65371704101562     
   132.00000000000000        467.65371704101562     
   141.00000000000000        467.65371704101562     
   0.0000000000000000        467.65371704101562     
   9.0000000000000000        467.65371704101562     
   18.000000000000000        467.65371704101562     
   27.000000000000000        467.65371704101562     
   36.000000000000000        467.65371704101562     
   45.000000000000000        467.65371704101562     
   54.000000000000000        467.65371704101562     
   63.000000000000000        467.65371704101562     
   72.000000000000000        467.65371704101562     
   82.500000000000000        475.44793701171875     
   91.500000000000000        475.44793701171875     
   100.50000000000000        475.44793701171875     
   109.50000000000000        475.44793701171875     
   118.50000000000000        475.44793701171875     
   127.50000000000000        475.44793701171875     
   136.50000000000000        475.44793701171875     
   145.50000000000000        475.44793701171875     
   4.5000000000000000        475.44793701171875     
   13.500000000000000        475.44793701171875     
   22.500000000000000        475.44793701171875     
   31.500000000000000        475.44793701171875     
   40.500000000000000        475.44793701171875     
   49.500000000000000        475.44793701171875     
   58.500000000000000        475.44793701171875     
   67.500000000000000        475.44793701171875     
   78.000000000000000        483.24215698242188     
   87.000000000000000        483.24215698242188     
   96.000000000000000        483.24215698242188     
   105.00000000000000        483.24215698242188     
   114.00000000000000        483.24215698242188     
   123.00000000000000        483.24215698242188     
   132.00000000000000        483.24215698242188     
   141.00000000000000        483.24215698242188     
   0.0000000000000000        483.24215698242188     
   9.0000000000000000        483.24215698242188     
   18.000000000000000        483.24215698242188     
   27.000000000000000        483.24215698242188     
   36.000000000000000        483.24215698242188     
   45.000000000000000        483.24215698242188     
   54.000000000000000        483.24215698242188     
   63.000000000000000        483.24215698242188     
   72.000000000000000        483.24215698242188     
   82.500000000000000        491.03640747070312     
   91.500000000000000        491.03640747070312     
   100.50000000000000        491.03640747070312     
   109.50000000000000        491.03640747070312     
   118.50000000000000        491.03640747070312     
   127.50000000000000        491.03640747070312     
   136.50000000000000        491.03640747070312     
   145.50000000000000        491.03640747070312     
   4.5000000000000000        491.03640747070312     
   13.500000000000000        491.03640747070312     
   22.500000000000000        491.03640747070312     
   31.500000000000000        491.03640747070312     
   40.500000000000000        491.03640747070312     
   49.500000000000000        491.03640747070312     
   58.500000000000000        491.03640747070312     
   67.500000000000000        491.03640747070312     
   78.000000000000000        498.83062744140625     
   87.000000000000000        498.83062744140625     
   96.000000000000000        498.83062744140625     
   105.00000000000000        498.83062744140625     
   114.00000000000000        498.83062744140625     
   123.00000000000000        498.83062744140625     
   132.00000000000000        498.83062744140625     
   141.00000000000000        498.83062744140625     
   0.0000000000000000        498.83062744140625     
   9.0000000000000000        498.83062744140625     
   18.000000000000000        498.83062744140625     
   27.000000000000000        498.83062744140625     
   36.000000000000000        498.83062744140625     
   45.000000000000000        498.83062744140625     
   54.000000000000000        498.83062744140625     
   63.000000000000000        498.83062744140625     
   72.000000000000000        498.83062744140625     
   82.500000000000000        506.62484741210938     
   91.500000000000000        506.62484741210938     
   100.50000000000000        506.62484741210938     
   109.50000000000000        506.62484741210938     
   118.50000000000000        506.62484741210938     
   127.50000000000000        506.62484741210938     
   136.50000000000000        506.62484741210938     
   145.50000000000000        506.62484741210938     
   4.5000000000000000        506.62484741210938     
   13.500000000000000        506.62484741210938     
   22.500000000000000        506.62484741210938     
   31.500000000000000        506.62484741210938     
   40.500000000000000        506.62484741210938     
   49.500000000000000        506.62484741210938     
   58.500000000000000        506.62484741210938     
   67.500000000000000        506.62484741210938     
   78.000000000000000        514.41906738281250     
   87.000000000000000        514.41906738281250     
   96.000000000000000        514.41906738281250     
   105.00000000000000        514.41906738281250     
   114.00000000000000        514.41906738281250     
   123.00000000000000        514.41906738281250     
   132.00000000000000        514.41906738281250     
   141.00000000000000        514.41906738281250     
   0.0000000000000000        514.41906738281250     
   9.0000000000000000        514.41906738281250     
   18.000000000000000        514.41906738281250     
   27.000000000000000        514.41906738281250     
   36.000000000000000        514.41906738281250     
   45.000000000000000        514.41906738281250     
   54.000000000000000        514.41906738281250     
   63.000000000000000        514.41906738281250     
   72.000000000000000        514.41906738281250     
   82.500000000000000        522.21331787109375     
   91.500000000000000        522.21331787109375     
   100.50000000000000        522.21331787109375     
   109.50000000000000        522.21331787109375     
   118.50000000000000        522.21331787109375     
   127.50000000000000        522.21331787109375     
   136.50000000000000        522.21331787109375     
   145.50000000000000        522.21331787109375     
   4.5000000000000000        522.21331787109375     
   13.500000000000000        522.21331787109375     
   22.500000000000000        522.21331787109375     
   31.500000000000000        522.21331787109375     
   40.500000000000000        522.21331787109375     
   49.500000000000000        522.21331787109375     
   58.500000000000000        522.21331787109375     
   67.500000000000000        522.21331787109375     
   78.000000000000000        530.00756835937500     
   87.000000000000000        530.00756835937500     
   96.000000000000000        530.00756835937500     
   105.00000000000000        530.00756835937500     
   114.00000000000000        530.00756835937500     
   123.00000000000000        530.00756835937500     
   132.00000000000000        530.00756835937500     
   141.00000000000000        530.00756835937500     
   0.0000000000000000        530.00756835937500     
   9.0000000000000000        530.00756835937500     
   18.000000000000000        530.00756835937500     
   27.000000000000000        530.00756835937500     
   36.000000000000000        530.00756835937500     
   45.000000000000000        530.00756835937500     
   54.000000000000000        530.00756835937500     
   63.000000000000000        530.00756835937500     
   72.000000000000000        530.00756835937500     
   82.500000000000000        537.80175781250000     
   91.500000000000000        537.80175781250000     
   100.50000000000000        537.80175781250000     
   109.50000000000000        537.80175781250000     
   118.50000000000000        537.80175781250000     
   127.50000000000000        537.80175781250000     
   136.50000000000000        537.80175781250000     
   145.50000000000000        537.80175781250000     
   4.5000000000000000        537.80175781250000     
   13.500000000000000        537.80175781250000     
   22.500000000000000        537.80175781250000     
   31.500000000000000        537.80175781250000     
   40.500000000000000        537.80175781250000     
   49.500000000000000        537.80175781250000     
   58.500000000000000        537.80175781250000     
   67.500000000000000        537.80175781250000     
   78.000000000000000        545.59600830078125     
   87.000000000000000        545.59600830078125     
   96.000000000000000        545.59600830078125     
   105.00000000000000        545.59600830078125     
   114.00000000000000        545.59600830078125     
   123.00000000000000        545.59600830078125     
   132.00000000000000        545.59600830078125     
   141.00000000000000        545.59600830078125     
   0.0000000000000000        545.59600830078125     
   9.0000000000000000        545.59600830078125     
   18.000000000000000        545.59600830078125     
   27.000000000000000        545.59600830078125     
   36.000000000000000        545.59600830078125     
   45.000000000000000        545.59600830078125     
   54.000000000000000        545.59600830078125     
   63.000000000000000        545.59600830078125     
   72.000000000000000        545.59600830078125     
   82.500000000000000        553.39019775390625     
   91.500000000000000        553.39019775390625     
   100.50000000000000        553.39019775390625     
   109.50000000000000        553.39019775390625     
   118.50000000000000        553.39019775390625     
   127.50000000000000        553.39019775390625     
   136.50000000000000        553.39019775390625     
   145.50000000000000        553.39019775390625     
   4.5000000000000000        553.39019775390625     
   13.500000000000000        553.39019775390625     
   22.500000000000000        553.39019775390625     
   31.500000000000000        553.39019775390625     
   40.500000000000000        553.39019775390625     
   49.500000000000000        553.39019775390625     
   58.500000000000000        553.39019775390625     
   67.500000000000000        553.39019775390625     
   78.000000000000000        561.18444824218750     
   87.000000000000000        561.18444824218750     
   96.000000000000000        561.18444824218750     
   105.00000000000000        561.18444824218750     
   114.00000000000000        561.18444824218750     
   123.00000000000000        561.18444824218750     
   132.00000000000000        561.18444824218750     
   141.00000000000000        561.18444824218750     
   0.0000000000000000        561.18444824218750     
   9.0000000000000000        561.18444824218750     
   18.000000000000000        561.18444824218750     
   27.000000000000000        561.18444824218750     
   36.000000000000000        561.18444824218750     
   45.000000000000000        561.18444824218750     
   54.000000000000000        561.18444824218750     
   63.000000000000000        561.18444824218750     
   72.000000000000000        561.18444824218750     
   82.500000000000000        568.97869873046875     
   91.500000000000000        568.97869873046875     
   100.50000000000000        568.97869873046875     
   109.50000000000000        568.97869873046875     
   118.50000000000000        568.97869873046875     
   127.50000000000000        568.97869873046875     
   136.50000000000000        568.97869873046875     
   145.50000000000000        568.97869873046875     
   4.5000000000000000        568.97869873046875     
   13.500000000000000        568.97869873046875     
   22.500000000000000        568.97869873046875     
   31.500000000000000        568.97869873046875     
   40.500000000000000        568.97869873046875     
   49.500000000000000        568.97869873046875     
   58.500000000000000        568.97869873046875     
   67.500000000000000        568.97869873046875     
   78.000000000000000        576.77288818359375     
   87.000000000000000        576.77288818359375     
   96.000000000000000        576.77288818359375     
   105.00000000000000        576.77288818359375     
   114.00000000000000        576.77288818359375     
   123.00000000000000        576.77288818359375     
   132.00000000000000        576.77288818359375     
   141.00000000000000        576.77288818359375     
   0.0000000000000000        576.77288818359375     
   9.0000000000000000        576.77288818359375     
   18.000000000000000        576.77288818359375     
   27.000000000000000        576.77288818359375     
   36.000000000000000        576.77288818359375     
   45.000000000000000        576.77288818359375     
   54.000000000000000        576.77288818359375     
   63.000000000000000        576.77288818359375     
   72.000000000000000        576.77288818359375     
   82.500000000000000        584.56713867187500     
   91.500000000000000        584.56713867187500     
   100.50000000000000        584.56713867187500     
   109.50000000000000        584.56713867187500     
   118.50000000000000        584.56713867187500     
   127.50000000000000        584.56713867187500     
   136.50000000000000        584.56713867187500     
   145.50000000000000        584.56713867187500     
   4.5000000000000000        584.56713867187500     
   13.500000000000000        584.56713867187500     
   22.500000000000000        584.56713867187500     
   31.500000000000000        584.56713867187500     
   40.500000000000000        584.56713867187500     
   49.500000000000000        584.56713867187500     
   58.500000000000000        584.56713867187500     
   67.500000000000000        584.56713867187500     
   78.000000000000000        592.36138916015625     
   87.000000000000000        592.36138916015625     
   96.000000000000000        592.36138916015625     
   105.00000000000000        592.36138916015625     
   114.00000000000000        592.36138916015625     
   123.00000000000000        592.36138916015625     
   132.00000000000000        592.36138916015625     
   141.00000000000000        592.36138916015625     
   0.0000000000000000        592.36138916015625     
   9.0000000000000000        592.36138916015625     
   18.000000000000000        592.36138916015625     
   27.000000000000000        592.36138916015625     
   36.000000000000000        592.36138916015625     
   45.000000000000000        592.36138916015625     
   54.000000000000000        592.36138916015625     
   63.000000000000000        592.36138916015625     
   72.000000000000000        592.36138916015625     
   82.500000000000000        600.15557861328125     
   91.500000000000000        600.15557861328125     
   100.50000000000000        600.15557861328125     
   109.50000000000000        600.15557861328125     
   118.50000000000000        600.15557861328125     
   127.50000000000000        600.15557861328125     
   136.50000000000000        600.15557861328125     
   145.50000000000000        600.15557861328125     
   4.5000000000000000        600.15557861328125     
   13.500000000000000        600.15557861328125     
   22.500000000000000        600.15557861328125     
   31.500000000000000        600.15557861328125     
   40.500000000000000        600.15557861328125     
   49.500000000000000        600.15557861328125     
   58.500000000000000        600.15557861328125     
   67.500000000000000        600.15557861328125     
