   76.500000000000000        0.0000000000000000     
   87.000000000000000        0.0000000000000000     
   97.500000000000000        0.0000000000000000     
   108.00000000000000        0.0000000000000000     
   118.50000000000000        0.0000000000000000     
   129.00000000000000        0.0000000000000000     
   139.50000000000000        0.0000000000000000     
   0.0000000000000000        0.0000000000000000     
   10.500000000000000        0.0000000000000000     
   21.000000000000000        0.0000000000000000     
   31.500000000000000        0.0000000000000000     
   42.000000000000000        0.0000000000000000     
   52.500000000000000        0.0000000000000000     
   63.000000000000000        0.0000000000000000     
   73.500000000000000        0.0000000000000000     
   81.750000000000000        9.0932664871215820     
   92.250000000000000        9.0932664871215820     
   102.75000000000000        9.0932664871215820     
   113.25000000000000        9.0932664871215820     
   123.75000000000000        9.0932664871215820     
   134.25000000000000        9.0932664871215820     
   144.75000000000000        9.0932664871215820     
   5.2500000000000000        9.0932664871215820     
   15.750000000000000        9.0932664871215820     
   26.250000000000000        9.0932664871215820     
   36.750000000000000        9.0932664871215820     
   47.250000000000000        9.0932664871215820     
   57.750000000000000        9.0932664871215820     
   68.250000000000000        9.0932664871215820     
   76.500000000000000        18.186532974243164     
   87.000000000000000        18.186532974243164     
   97.500000000000000        18.186532974243164     
   108.00000000000000        18.186532974243164     
   118.50000000000000        18.186532974243164     
   129.00000000000000        18.186532974243164     
   139.50000000000000        18.186532974243164     
   0.0000000000000000        18.186532974243164     
   10.500000000000000        18.186532974243164     
   21.000000000000000        18.186532974243164     
   31.500000000000000        18.186532974243164     
   42.000000000000000        18.186532974243164     
   52.500000000000000        18.186532974243164     
   63.000000000000000        18.186532974243164     
   73.500000000000000        18.186532974243164     
   81.750000000000000        27.279800415039062     
   92.250000000000000        27.279800415039062     
   102.75000000000000        27.279800415039062     
   113.25000000000000        27.279800415039062     
   123.75000000000000        27.279800415039062     
   134.25000000000000        27.279800415039062     
   144.75000000000000        27.279800415039062     
   5.2500000000000000        27.279800415039062     
   15.750000000000000        27.279800415039062     
   26.250000000000000        27.279800415039062     
   36.750000000000000        27.279800415039062     
   47.250000000000000        27.279800415039062     
   57.750000000000000        27.279800415039062     
   68.250000000000000        27.279800415039062     
   76.500000000000000        36.373065948486328     
   87.000000000000000        36.373065948486328     
   97.500000000000000        36.373065948486328     
   108.00000000000000        36.373065948486328     
   118.50000000000000        36.373065948486328     
   129.00000000000000        36.373065948486328     
   139.50000000000000        36.373065948486328     
   0.0000000000000000        36.373065948486328     
   10.500000000000000        36.373065948486328     
   21.000000000000000        36.373065948486328     
   31.500000000000000        36.373065948486328     
   42.000000000000000        36.373065948486328     
   52.500000000000000        36.373065948486328     
   63.000000000000000        36.373065948486328     
   73.500000000000000        36.373065948486328     
   81.750000000000000        45.466331481933594     
   92.250000000000000        45.466331481933594     
   102.75000000000000        45.466331481933594     
   113.25000000000000        45.466331481933594     
   123.75000000000000        45.466331481933594     
   134.25000000000000        45.466331481933594     
   144.75000000000000        45.466331481933594     
   5.2500000000000000        45.466331481933594     
   15.750000000000000        45.466331481933594     
   26.250000000000000        45.466331481933594     
   36.750000000000000        45.466331481933594     
   47.250000000000000        45.466331481933594     
   57.750000000000000        45.466331481933594     
   68.250000000000000        45.466331481933594     
   76.500000000000000        54.559600830078125     
   87.000000000000000        54.559600830078125     
   97.500000000000000        54.559600830078125     
   108.00000000000000        54.559600830078125     
   118.50000000000000        54.559600830078125     
   129.00000000000000        54.559600830078125     
   139.50000000000000        54.559600830078125     
   0.0000000000000000        54.559600830078125     
   10.500000000000000        54.559600830078125     
   21.000000000000000        54.559600830078125     
   31.500000000000000        54.559600830078125     
   42.000000000000000        54.559600830078125     
   52.500000000000000        54.559600830078125     
   63.000000000000000        54.559600830078125     
   73.500000000000000        54.559600830078125     
   81.750000000000000        63.652866363525391     
   92.250000000000000        63.652866363525391     
   102.75000000000000        63.652866363525391     
   113.25000000000000        63.652866363525391     
   123.75000000000000        63.652866363525391     
   134.25000000000000        63.652866363525391     
   144.75000000000000        63.652866363525391     
   5.2500000000000000        63.652866363525391     
   15.750000000000000        63.652866363525391     
   26.250000000000000        63.652866363525391     
   36.750000000000000        63.652866363525391     
   47.250000000000000        63.652866363525391     
   57.750000000000000        63.652866363525391     
   68.250000000000000        63.652866363525391     
   76.500000000000000        72.746131896972656     
   87.000000000000000        72.746131896972656     
   97.500000000000000        72.746131896972656     
   108.00000000000000        72.746131896972656     
   118.50000000000000        72.746131896972656     
   129.00000000000000        72.746131896972656     
   139.50000000000000        72.746131896972656     
   0.0000000000000000        72.746131896972656     
   10.500000000000000        72.746131896972656     
   21.000000000000000        72.746131896972656     
   31.500000000000000        72.746131896972656     
   42.000000000000000        72.746131896972656     
   52.500000000000000        72.746131896972656     
   63.000000000000000        72.746131896972656     
   73.500000000000000        72.746131896972656     
   81.750000000000000        81.839401245117188     
   92.250000000000000        81.839401245117188     
   102.75000000000000        81.839401245117188     
   113.25000000000000        81.839401245117188     
   123.75000000000000        81.839401245117188     
   134.25000000000000        81.839401245117188     
   144.75000000000000        81.839401245117188     
   5.2500000000000000        81.839401245117188     
   15.750000000000000        81.839401245117188     
   26.250000000000000        81.839401245117188     
   36.750000000000000        81.839401245117188     
   47.250000000000000        81.839401245117188     
   57.750000000000000        81.839401245117188     
   68.250000000000000        81.839401245117188     
   76.500000000000000        90.932662963867188     
   87.000000000000000        90.932662963867188     
   97.500000000000000        90.932662963867188     
   108.00000000000000        90.932662963867188     
   118.50000000000000        90.932662963867188     
   129.00000000000000        90.932662963867188     
   139.50000000000000        90.932662963867188     
   0.0000000000000000        90.932662963867188     
   10.500000000000000        90.932662963867188     
   21.000000000000000        90.932662963867188     
   31.500000000000000        90.932662963867188     
   42.000000000000000        90.932662963867188     
   52.500000000000000        90.932662963867188     
   63.000000000000000        90.932662963867188     
   73.500000000000000        90.932662963867188     
   81.750000000000000        100.02593231201172     
   92.250000000000000        100.02593231201172     
   102.75000000000000        100.02593231201172     
   113.25000000000000        100.02593231201172     
   123.75000000000000        100.02593231201172     
   134.25000000000000        100.02593231201172     
   144.75000000000000        100.02593231201172     
   5.2500000000000000        100.02593231201172     
   15.750000000000000        100.02593231201172     
   26.250000000000000        100.02593231201172     
   36.750000000000000        100.02593231201172     
   47.250000000000000        100.02593231201172     
   57.750000000000000        100.02593231201172     
   68.250000000000000        100.02593231201172     
   76.500000000000000        109.11920166015625     
   87.000000000000000        109.11920166015625     
   97.500000000000000        109.11920166015625     
   108.00000000000000        109.11920166015625     
   118.50000000000000        109.11920166015625     
   129.00000000000000        109.11920166015625     
   139.50000000000000        109.11920166015625     
   0.0000000000000000        109.11920166015625     
   10.500000000000000        109.11920166015625     
   21.000000000000000        109.11920166015625     
   31.500000000000000        109.11920166015625     
   42.000000000000000        109.11920166015625     
   52.500000000000000        109.11920166015625     
   63.000000000000000        109.11920166015625     
   73.500000000000000        109.11920166015625     
   81.750000000000000        118.21246337890625     
   92.250000000000000        118.21246337890625     
   102.75000000000000        118.21246337890625     
   113.25000000000000        118.21246337890625     
   123.75000000000000        118.21246337890625     
   134.25000000000000        118.21246337890625     
   144.75000000000000        118.21246337890625     
   5.2500000000000000        118.21246337890625     
   15.750000000000000        118.21246337890625     
   26.250000000000000        118.21246337890625     
   36.750000000000000        118.21246337890625     
   47.250000000000000        118.21246337890625     
   57.750000000000000        118.21246337890625     
   68.250000000000000        118.21246337890625     
   76.500000000000000        127.30573272705078     
   87.000000000000000        127.30573272705078     
   97.500000000000000        127.30573272705078     
   108.00000000000000        127.30573272705078     
   118.50000000000000        127.30573272705078     
   129.00000000000000        127.30573272705078     
   139.50000000000000        127.30573272705078     
   0.0000000000000000        127.30573272705078     
   10.500000000000000        127.30573272705078     
   21.000000000000000        127.30573272705078     
   31.500000000000000        127.30573272705078     
   42.000000000000000        127.30573272705078     
   52.500000000000000        127.30573272705078     
   63.000000000000000        127.30573272705078     
   73.500000000000000        127.30573272705078     
   81.750000000000000        136.39900207519531     
   92.250000000000000        136.39900207519531     
   102.75000000000000        136.39900207519531     
   113.25000000000000        136.39900207519531     
   123.75000000000000        136.39900207519531     
   134.25000000000000        136.39900207519531     
   144.75000000000000        136.39900207519531     
   5.2500000000000000        136.39900207519531     
   15.750000000000000        136.39900207519531     
   26.250000000000000        136.39900207519531     
   36.750000000000000        136.39900207519531     
   47.250000000000000        136.39900207519531     
   57.750000000000000        136.39900207519531     
   68.250000000000000        136.39900207519531     
   76.500000000000000        145.49226379394531     
   87.000000000000000        145.49226379394531     
   97.500000000000000        145.49226379394531     
   108.00000000000000        145.49226379394531     
   118.50000000000000        145.49226379394531     
   129.00000000000000        145.49226379394531     
   139.50000000000000        145.49226379394531     
   0.0000000000000000        145.49226379394531     
   10.500000000000000        145.49226379394531     
   21.000000000000000        145.49226379394531     
   31.500000000000000        145.49226379394531     
   42.000000000000000        145.49226379394531     
   52.500000000000000        145.49226379394531     
   63.000000000000000        145.49226379394531     
   73.500000000000000        145.49226379394531     
   81.750000000000000        154.58552551269531     
   92.250000000000000        154.58552551269531     
   102.75000000000000        154.58552551269531     
   113.25000000000000        154.58552551269531     
   123.75000000000000        154.58552551269531     
   134.25000000000000        154.58552551269531     
   144.75000000000000        154.58552551269531     
   5.2500000000000000        154.58552551269531     
   15.750000000000000        154.58552551269531     
   26.250000000000000        154.58552551269531     
   36.750000000000000        154.58552551269531     
   47.250000000000000        154.58552551269531     
   57.750000000000000        154.58552551269531     
   68.250000000000000        154.58552551269531     
   76.500000000000000        163.67880249023438     
   87.000000000000000        163.67880249023438     
   97.500000000000000        163.67880249023438     
   108.00000000000000        163.67880249023438     
   118.50000000000000        163.67880249023438     
   129.00000000000000        163.67880249023438     
   139.50000000000000        163.67880249023438     
   0.0000000000000000        163.67880249023438     
   10.500000000000000        163.67880249023438     
   21.000000000000000        163.67880249023438     
   31.500000000000000        163.67880249023438     
   42.000000000000000        163.67880249023438     
   52.500000000000000        163.67880249023438     
   63.000000000000000        163.67880249023438     
   73.500000000000000        163.67880249023438     
   81.750000000000000        172.77206420898438     
   92.250000000000000        172.77206420898438     
   102.75000000000000        172.77206420898438     
   113.25000000000000        172.77206420898438     
   123.75000000000000        172.77206420898438     
   134.25000000000000        172.77206420898438     
   144.75000000000000        172.77206420898438     
   5.2500000000000000        172.77206420898438     
   15.750000000000000        172.77206420898438     
   26.250000000000000        172.77206420898438     
   36.750000000000000        172.77206420898438     
   47.250000000000000        172.77206420898438     
   57.750000000000000        172.77206420898438     
   68.250000000000000        172.77206420898438     
   76.500000000000000        181.86532592773438     
   87.000000000000000        181.86532592773438     
   97.500000000000000        181.86532592773438     
   108.00000000000000        181.86532592773438     
   118.50000000000000        181.86532592773438     
   129.00000000000000        181.86532592773438     
   139.50000000000000        181.86532592773438     
   0.0000000000000000        181.86532592773438     
   10.500000000000000        181.86532592773438     
   21.000000000000000        181.86532592773438     
   31.500000000000000        181.86532592773438     
   42.000000000000000        181.86532592773438     
   52.500000000000000        181.86532592773438     
   63.000000000000000        181.86532592773438     
   73.500000000000000        181.86532592773438     
   81.750000000000000        190.95860290527344     
   92.250000000000000        190.95860290527344     
   102.75000000000000        190.95860290527344     
   113.25000000000000        190.95860290527344     
   123.75000000000000        190.95860290527344     
   134.25000000000000        190.95860290527344     
   144.75000000000000        190.95860290527344     
   5.2500000000000000        190.95860290527344     
   15.750000000000000        190.95860290527344     
   26.250000000000000        190.95860290527344     
   36.750000000000000        190.95860290527344     
   47.250000000000000        190.95860290527344     
   57.750000000000000        190.95860290527344     
   68.250000000000000        190.95860290527344     
   76.500000000000000        200.05186462402344     
   87.000000000000000        200.05186462402344     
   97.500000000000000        200.05186462402344     
   108.00000000000000        200.05186462402344     
   118.50000000000000        200.05186462402344     
   129.00000000000000        200.05186462402344     
   139.50000000000000        200.05186462402344     
   0.0000000000000000        200.05186462402344     
   10.500000000000000        200.05186462402344     
   21.000000000000000        200.05186462402344     
   31.500000000000000        200.05186462402344     
   42.000000000000000        200.05186462402344     
   52.500000000000000        200.05186462402344     
   63.000000000000000        200.05186462402344     
   73.500000000000000        200.05186462402344     
   81.750000000000000        209.14512634277344     
   92.250000000000000        209.14512634277344     
   102.75000000000000        209.14512634277344     
   113.25000000000000        209.14512634277344     
   123.75000000000000        209.14512634277344     
   134.25000000000000        209.14512634277344     
   144.75000000000000        209.14512634277344     
   5.2500000000000000        209.14512634277344     
   15.750000000000000        209.14512634277344     
   26.250000000000000        209.14512634277344     
   36.750000000000000        209.14512634277344     
   47.250000000000000        209.14512634277344     
   57.750000000000000        209.14512634277344     
   68.250000000000000        209.14512634277344     
   76.500000000000000        218.23840332031250     
   87.000000000000000        218.23840332031250     
   97.500000000000000        218.23840332031250     
   108.00000000000000        218.23840332031250     
   118.50000000000000        218.23840332031250     
   129.00000000000000        218.23840332031250     
   139.50000000000000        218.23840332031250     
   0.0000000000000000        218.23840332031250     
   10.500000000000000        218.23840332031250     
   21.000000000000000        218.23840332031250     
   31.500000000000000        218.23840332031250     
   42.000000000000000        218.23840332031250     
   52.500000000000000        218.23840332031250     
   63.000000000000000        218.23840332031250     
   73.500000000000000        218.23840332031250     
   81.750000000000000        227.33166503906250     
   92.250000000000000        227.33166503906250     
   102.75000000000000        227.33166503906250     
   113.25000000000000        227.33166503906250     
   123.75000000000000        227.33166503906250     
   134.25000000000000        227.33166503906250     
   144.75000000000000        227.33166503906250     
   5.2500000000000000        227.33166503906250     
   15.750000000000000        227.33166503906250     
   26.250000000000000        227.33166503906250     
   36.750000000000000        227.33166503906250     
   47.250000000000000        227.33166503906250     
   57.750000000000000        227.33166503906250     
   68.250000000000000        227.33166503906250     
   76.500000000000000        236.42492675781250     
   87.000000000000000        236.42492675781250     
   97.500000000000000        236.42492675781250     
   108.00000000000000        236.42492675781250     
   118.50000000000000        236.42492675781250     
   129.00000000000000        236.42492675781250     
   139.50000000000000        236.42492675781250     
   0.0000000000000000        236.42492675781250     
   10.500000000000000        236.42492675781250     
   21.000000000000000        236.42492675781250     
   31.500000000000000        236.42492675781250     
   42.000000000000000        236.42492675781250     
   52.500000000000000        236.42492675781250     
   63.000000000000000        236.42492675781250     
   73.500000000000000        236.42492675781250     
   81.750000000000000        245.51818847656250     
   92.250000000000000        245.51818847656250     
   102.75000000000000        245.51818847656250     
   113.25000000000000        245.51818847656250     
   123.75000000000000        245.51818847656250     
   134.25000000000000        245.51818847656250     
   144.75000000000000        245.51818847656250     
   5.2500000000000000        245.51818847656250     
   15.750000000000000        245.51818847656250     
   26.250000000000000        245.51818847656250     
   36.750000000000000        245.51818847656250     
   47.250000000000000        245.51818847656250     
   57.750000000000000        245.51818847656250     
   68.250000000000000        245.51818847656250     
   76.500000000000000        254.61146545410156     
   87.000000000000000        254.61146545410156     
   97.500000000000000        254.61146545410156     
   108.00000000000000        254.61146545410156     
   118.50000000000000        254.61146545410156     
   129.00000000000000        254.61146545410156     
   139.50000000000000        254.61146545410156     
   0.0000000000000000        254.61146545410156     
   10.500000000000000        254.61146545410156     
   21.000000000000000        254.61146545410156     
   31.500000000000000        254.61146545410156     
   42.000000000000000        254.61146545410156     
   52.500000000000000        254.61146545410156     
   63.000000000000000        254.61146545410156     
   73.500000000000000        254.61146545410156     
   81.750000000000000        263.70474243164062     
   92.250000000000000        263.70474243164062     
   102.75000000000000        263.70474243164062     
   113.25000000000000        263.70474243164062     
   123.75000000000000        263.70474243164062     
   134.25000000000000        263.70474243164062     
   144.75000000000000        263.70474243164062     
   5.2500000000000000        263.70474243164062     
   15.750000000000000        263.70474243164062     
   26.250000000000000        263.70474243164062     
   36.750000000000000        263.70474243164062     
   47.250000000000000        263.70474243164062     
   57.750000000000000        263.70474243164062     
   68.250000000000000        263.70474243164062     
   76.500000000000000        272.79800415039062     
   87.000000000000000        272.79800415039062     
   97.500000000000000        272.79800415039062     
   108.00000000000000        272.79800415039062     
   118.50000000000000        272.79800415039062     
   129.00000000000000        272.79800415039062     
   139.50000000000000        272.79800415039062     
   0.0000000000000000        272.79800415039062     
   10.500000000000000        272.79800415039062     
   21.000000000000000        272.79800415039062     
   31.500000000000000        272.79800415039062     
   42.000000000000000        272.79800415039062     
   52.500000000000000        272.79800415039062     
   63.000000000000000        272.79800415039062     
   73.500000000000000        272.79800415039062     
   81.750000000000000        281.89126586914062     
   92.250000000000000        281.89126586914062     
   102.75000000000000        281.89126586914062     
   113.25000000000000        281.89126586914062     
   123.75000000000000        281.89126586914062     
   134.25000000000000        281.89126586914062     
   144.75000000000000        281.89126586914062     
   5.2500000000000000        281.89126586914062     
   15.750000000000000        281.89126586914062     
   26.250000000000000        281.89126586914062     
   36.750000000000000        281.89126586914062     
   47.250000000000000        281.89126586914062     
   57.750000000000000        281.89126586914062     
   68.250000000000000        281.89126586914062     
   76.500000000000000        290.98452758789062     
   87.000000000000000        290.98452758789062     
   97.500000000000000        290.98452758789062     
   108.00000000000000        290.98452758789062     
   118.50000000000000        290.98452758789062     
   129.00000000000000        290.98452758789062     
   139.50000000000000        290.98452758789062     
   0.0000000000000000        290.98452758789062     
   10.500000000000000        290.98452758789062     
   21.000000000000000        290.98452758789062     
   31.500000000000000        290.98452758789062     
   42.000000000000000        290.98452758789062     
   52.500000000000000        290.98452758789062     
   63.000000000000000        290.98452758789062     
   73.500000000000000        290.98452758789062     
   81.750000000000000        300.07778930664062     
   92.250000000000000        300.07778930664062     
   102.75000000000000        300.07778930664062     
   113.25000000000000        300.07778930664062     
   123.75000000000000        300.07778930664062     
   134.25000000000000        300.07778930664062     
   144.75000000000000        300.07778930664062     
   5.2500000000000000        300.07778930664062     
   15.750000000000000        300.07778930664062     
   26.250000000000000        300.07778930664062     
   36.750000000000000        300.07778930664062     
   47.250000000000000        300.07778930664062     
   57.750000000000000        300.07778930664062     
   68.250000000000000        300.07778930664062     
   76.500000000000000        309.17105102539062     
   87.000000000000000        309.17105102539062     
   97.500000000000000        309.17105102539062     
   108.00000000000000        309.17105102539062     
   118.50000000000000        309.17105102539062     
   129.00000000000000        309.17105102539062     
   139.50000000000000        309.17105102539062     
   0.0000000000000000        309.17105102539062     
   10.500000000000000        309.17105102539062     
   21.000000000000000        309.17105102539062     
   31.500000000000000        309.17105102539062     
   42.000000000000000        309.17105102539062     
   52.500000000000000        309.17105102539062     
   63.000000000000000        309.17105102539062     
   73.500000000000000        309.17105102539062     
   81.750000000000000        318.26431274414062     
   92.250000000000000        318.26431274414062     
   102.75000000000000        318.26431274414062     
   113.25000000000000        318.26431274414062     
   123.75000000000000        318.26431274414062     
   134.25000000000000        318.26431274414062     
   144.75000000000000        318.26431274414062     
   5.2500000000000000        318.26431274414062     
   15.750000000000000        318.26431274414062     
   26.250000000000000        318.26431274414062     
   36.750000000000000        318.26431274414062     
   47.250000000000000        318.26431274414062     
   57.750000000000000        318.26431274414062     
   68.250000000000000        318.26431274414062     
   76.500000000000000        327.35760498046875     
   87.000000000000000        327.35760498046875     
   97.500000000000000        327.35760498046875     
   108.00000000000000        327.35760498046875     
   118.50000000000000        327.35760498046875     
   129.00000000000000        327.35760498046875     
   139.50000000000000        327.35760498046875     
   0.0000000000000000        327.35760498046875     
   10.500000000000000        327.35760498046875     
   21.000000000000000        327.35760498046875     
   31.500000000000000        327.35760498046875     
   42.000000000000000        327.35760498046875     
   52.500000000000000        327.35760498046875     
   63.000000000000000        327.35760498046875     
   73.500000000000000        327.35760498046875     
   81.750000000000000        336.45086669921875     
   92.250000000000000        336.45086669921875     
   102.75000000000000        336.45086669921875     
   113.25000000000000        336.45086669921875     
   123.75000000000000        336.45086669921875     
   134.25000000000000        336.45086669921875     
   144.75000000000000        336.45086669921875     
   5.2500000000000000        336.45086669921875     
   15.750000000000000        336.45086669921875     
   26.250000000000000        336.45086669921875     
   36.750000000000000        336.45086669921875     
   47.250000000000000        336.45086669921875     
   57.750000000000000        336.45086669921875     
   68.250000000000000        336.45086669921875     
   76.500000000000000        345.54412841796875     
   87.000000000000000        345.54412841796875     
   97.500000000000000        345.54412841796875     
   108.00000000000000        345.54412841796875     
   118.50000000000000        345.54412841796875     
   129.00000000000000        345.54412841796875     
   139.50000000000000        345.54412841796875     
   0.0000000000000000        345.54412841796875     
   10.500000000000000        345.54412841796875     
   21.000000000000000        345.54412841796875     
   31.500000000000000        345.54412841796875     
   42.000000000000000        345.54412841796875     
   52.500000000000000        345.54412841796875     
   63.000000000000000        345.54412841796875     
   73.500000000000000        345.54412841796875     
   81.750000000000000        354.63739013671875     
   92.250000000000000        354.63739013671875     
   102.75000000000000        354.63739013671875     
   113.25000000000000        354.63739013671875     
   123.75000000000000        354.63739013671875     
   134.25000000000000        354.63739013671875     
   144.75000000000000        354.63739013671875     
   5.2500000000000000        354.63739013671875     
   15.750000000000000        354.63739013671875     
   26.250000000000000        354.63739013671875     
   36.750000000000000        354.63739013671875     
   47.250000000000000        354.63739013671875     
   57.750000000000000        354.63739013671875     
   68.250000000000000        354.63739013671875     
   76.500000000000000        363.73065185546875     
   87.000000000000000        363.73065185546875     
   97.500000000000000        363.73065185546875     
   108.00000000000000        363.73065185546875     
   118.50000000000000        363.73065185546875     
   129.00000000000000        363.73065185546875     
   139.50000000000000        363.73065185546875     
   0.0000000000000000        363.73065185546875     
   10.500000000000000        363.73065185546875     
   21.000000000000000        363.73065185546875     
   31.500000000000000        363.73065185546875     
   42.000000000000000        363.73065185546875     
   52.500000000000000        363.73065185546875     
   63.000000000000000        363.73065185546875     
   73.500000000000000        363.73065185546875     
   81.750000000000000        372.82391357421875     
   92.250000000000000        372.82391357421875     
   102.75000000000000        372.82391357421875     
   113.25000000000000        372.82391357421875     
   123.75000000000000        372.82391357421875     
   134.25000000000000        372.82391357421875     
   144.75000000000000        372.82391357421875     
   5.2500000000000000        372.82391357421875     
   15.750000000000000        372.82391357421875     
   26.250000000000000        372.82391357421875     
   36.750000000000000        372.82391357421875     
   47.250000000000000        372.82391357421875     
   57.750000000000000        372.82391357421875     
   68.250000000000000        372.82391357421875     
   76.500000000000000        381.91720581054688     
   87.000000000000000        381.91720581054688     
   97.500000000000000        381.91720581054688     
   108.00000000000000        381.91720581054688     
   118.50000000000000        381.91720581054688     
   129.00000000000000        381.91720581054688     
   139.50000000000000        381.91720581054688     
   0.0000000000000000        381.91720581054688     
   10.500000000000000        381.91720581054688     
   21.000000000000000        381.91720581054688     
   31.500000000000000        381.91720581054688     
   42.000000000000000        381.91720581054688     
   52.500000000000000        381.91720581054688     
   63.000000000000000        381.91720581054688     
   73.500000000000000        381.91720581054688     
   81.750000000000000        391.01046752929688     
   92.250000000000000        391.01046752929688     
   102.75000000000000        391.01046752929688     
   113.25000000000000        391.01046752929688     
   123.75000000000000        391.01046752929688     
   134.25000000000000        391.01046752929688     
   144.75000000000000        391.01046752929688     
   5.2500000000000000        391.01046752929688     
   15.750000000000000        391.01046752929688     
   26.250000000000000        391.01046752929688     
   36.750000000000000        391.01046752929688     
   47.250000000000000        391.01046752929688     
   57.750000000000000        391.01046752929688     
   68.250000000000000        391.01046752929688     
   76.500000000000000        400.10372924804688     
   87.000000000000000        400.10372924804688     
   97.500000000000000        400.10372924804688     
   108.00000000000000        400.10372924804688     
   118.50000000000000        400.10372924804688     
   129.00000000000000        400.10372924804688     
   139.50000000000000        400.10372924804688     
   0.0000000000000000        400.10372924804688     
   10.500000000000000        400.10372924804688     
   21.000000000000000        400.10372924804688     
   31.500000000000000        400.10372924804688     
   42.000000000000000        400.10372924804688     
   52.500000000000000        400.10372924804688     
   63.000000000000000        400.10372924804688     
   73.500000000000000        400.10372924804688     
   81.750000000000000        409.19699096679688     
   92.250000000000000        409.19699096679688     
   102.75000000000000        409.19699096679688     
   113.25000000000000        409.19699096679688     
   123.75000000000000        409.19699096679688     
   134.25000000000000        409.19699096679688     
   144.75000000000000        409.19699096679688     
   5.2500000000000000        409.19699096679688     
   15.750000000000000        409.19699096679688     
   26.250000000000000        409.19699096679688     
   36.750000000000000        409.19699096679688     
   47.250000000000000        409.19699096679688     
   57.750000000000000        409.19699096679688     
   68.250000000000000        409.19699096679688     
   76.500000000000000        418.29025268554688     
   87.000000000000000        418.29025268554688     
   97.500000000000000        418.29025268554688     
   108.00000000000000        418.29025268554688     
   118.50000000000000        418.29025268554688     
   129.00000000000000        418.29025268554688     
   139.50000000000000        418.29025268554688     
   0.0000000000000000        418.29025268554688     
   10.500000000000000        418.29025268554688     
   21.000000000000000        418.29025268554688     
   31.500000000000000        418.29025268554688     
   42.000000000000000        418.29025268554688     
   52.500000000000000        418.29025268554688     
   63.000000000000000        418.29025268554688     
   73.500000000000000        418.29025268554688     
   81.750000000000000        427.38351440429688     
   92.250000000000000        427.38351440429688     
   102.75000000000000        427.38351440429688     
   113.25000000000000        427.38351440429688     
   123.75000000000000        427.38351440429688     
   134.25000000000000        427.38351440429688     
   144.75000000000000        427.38351440429688     
   5.2500000000000000        427.38351440429688     
   15.750000000000000        427.38351440429688     
   26.250000000000000        427.38351440429688     
   36.750000000000000        427.38351440429688     
   47.250000000000000        427.38351440429688     
   57.750000000000000        427.38351440429688     
   68.250000000000000        427.38351440429688     
   76.500000000000000        436.47680664062500     
   87.000000000000000        436.47680664062500     
   97.500000000000000        436.47680664062500     
   108.00000000000000        436.47680664062500     
   118.50000000000000        436.47680664062500     
   129.00000000000000        436.47680664062500     
   139.50000000000000        436.47680664062500     
   0.0000000000000000        436.47680664062500     
   10.500000000000000        436.47680664062500     
   21.000000000000000        436.47680664062500     
   31.500000000000000        436.47680664062500     
   42.000000000000000        436.47680664062500     
   52.500000000000000        436.47680664062500     
   63.000000000000000        436.47680664062500     
   73.500000000000000        436.47680664062500     
   81.750000000000000        445.57006835937500     
   92.250000000000000        445.57006835937500     
   102.75000000000000        445.57006835937500     
   113.25000000000000        445.57006835937500     
   123.75000000000000        445.57006835937500     
   134.25000000000000        445.57006835937500     
   144.75000000000000        445.57006835937500     
   5.2500000000000000        445.57006835937500     
   15.750000000000000        445.57006835937500     
   26.250000000000000        445.57006835937500     
   36.750000000000000        445.57006835937500     
   47.250000000000000        445.57006835937500     
   57.750000000000000        445.57006835937500     
   68.250000000000000        445.57006835937500     
   76.500000000000000        454.66333007812500     
   87.000000000000000        454.66333007812500     
   97.500000000000000        454.66333007812500     
   108.00000000000000        454.66333007812500     
   118.50000000000000        454.66333007812500     
   129.00000000000000        454.66333007812500     
   139.50000000000000        454.66333007812500     
   0.0000000000000000        454.66333007812500     
   10.500000000000000        454.66333007812500     
   21.000000000000000        454.66333007812500     
   31.500000000000000        454.66333007812500     
   42.000000000000000        454.66333007812500     
   52.500000000000000        454.66333007812500     
   63.000000000000000        454.66333007812500     
   73.500000000000000        454.66333007812500     
   81.750000000000000        463.75659179687500     
   92.250000000000000        463.75659179687500     
   102.75000000000000        463.75659179687500     
   113.25000000000000        463.75659179687500     
   123.75000000000000        463.75659179687500     
   134.25000000000000        463.75659179687500     
   144.75000000000000        463.75659179687500     
   5.2500000000000000        463.75659179687500     
   15.750000000000000        463.75659179687500     
   26.250000000000000        463.75659179687500     
   36.750000000000000        463.75659179687500     
   47.250000000000000        463.75659179687500     
   57.750000000000000        463.75659179687500     
   68.250000000000000        463.75659179687500     
   76.500000000000000        472.84985351562500     
   87.000000000000000        472.84985351562500     
   97.500000000000000        472.84985351562500     
   108.00000000000000        472.84985351562500     
   118.50000000000000        472.84985351562500     
   129.00000000000000        472.84985351562500     
   139.50000000000000        472.84985351562500     
   0.0000000000000000        472.84985351562500     
   10.500000000000000        472.84985351562500     
   21.000000000000000        472.84985351562500     
   31.500000000000000        472.84985351562500     
   42.000000000000000        472.84985351562500     
   52.500000000000000        472.84985351562500     
   63.000000000000000        472.84985351562500     
   73.500000000000000        472.84985351562500     
   81.750000000000000        481.94311523437500     
   92.250000000000000        481.94311523437500     
   102.75000000000000        481.94311523437500     
   113.25000000000000        481.94311523437500     
   123.75000000000000        481.94311523437500     
   134.25000000000000        481.94311523437500     
   144.75000000000000        481.94311523437500     
   5.2500000000000000        481.94311523437500     
   15.750000000000000        481.94311523437500     
   26.250000000000000        481.94311523437500     
   36.750000000000000        481.94311523437500     
   47.250000000000000        481.94311523437500     
   57.750000000000000        481.94311523437500     
   68.250000000000000        481.94311523437500     
   76.500000000000000        491.03637695312500     
   87.000000000000000        491.03637695312500     
   97.500000000000000        491.03637695312500     
   108.00000000000000        491.03637695312500     
   118.50000000000000        491.03637695312500     
   129.00000000000000        491.03637695312500     
   139.50000000000000        491.03637695312500     
   0.0000000000000000        491.03637695312500     
   10.500000000000000        491.03637695312500     
   21.000000000000000        491.03637695312500     
   31.500000000000000        491.03637695312500     
   42.000000000000000        491.03637695312500     
   52.500000000000000        491.03637695312500     
   63.000000000000000        491.03637695312500     
   73.500000000000000        491.03637695312500     
   81.750000000000000        500.12966918945312     
   92.250000000000000        500.12966918945312     
   102.75000000000000        500.12966918945312     
   113.25000000000000        500.12966918945312     
   123.75000000000000        500.12966918945312     
   134.25000000000000        500.12966918945312     
   144.75000000000000        500.12966918945312     
   5.2500000000000000        500.12966918945312     
   15.750000000000000        500.12966918945312     
   26.250000000000000        500.12966918945312     
   36.750000000000000        500.12966918945312     
   47.250000000000000        500.12966918945312     
   57.750000000000000        500.12966918945312     
   68.250000000000000        500.12966918945312     
   76.500000000000000        509.22293090820312     
   87.000000000000000        509.22293090820312     
   97.500000000000000        509.22293090820312     
   108.00000000000000        509.22293090820312     
   118.50000000000000        509.22293090820312     
   129.00000000000000        509.22293090820312     
   139.50000000000000        509.22293090820312     
   0.0000000000000000        509.22293090820312     
   10.500000000000000        509.22293090820312     
   21.000000000000000        509.22293090820312     
   31.500000000000000        509.22293090820312     
   42.000000000000000        509.22293090820312     
   52.500000000000000        509.22293090820312     
   63.000000000000000        509.22293090820312     
   73.500000000000000        509.22293090820312     
   81.750000000000000        518.31616210937500     
   92.250000000000000        518.31616210937500     
   102.75000000000000        518.31616210937500     
   113.25000000000000        518.31616210937500     
   123.75000000000000        518.31616210937500     
   134.25000000000000        518.31616210937500     
   144.75000000000000        518.31616210937500     
   5.2500000000000000        518.31616210937500     
   15.750000000000000        518.31616210937500     
   26.250000000000000        518.31616210937500     
   36.750000000000000        518.31616210937500     
   47.250000000000000        518.31616210937500     
   57.750000000000000        518.31616210937500     
   68.250000000000000        518.31616210937500     
   76.500000000000000        527.40948486328125     
   87.000000000000000        527.40948486328125     
   97.500000000000000        527.40948486328125     
   108.00000000000000        527.40948486328125     
   118.50000000000000        527.40948486328125     
   129.00000000000000        527.40948486328125     
   139.50000000000000        527.40948486328125     
   0.0000000000000000        527.40948486328125     
   10.500000000000000        527.40948486328125     
   21.000000000000000        527.40948486328125     
   31.500000000000000        527.40948486328125     
   42.000000000000000        527.40948486328125     
   52.500000000000000        527.40948486328125     
   63.000000000000000        527.40948486328125     
   73.500000000000000        527.40948486328125     
   81.750000000000000        536.50274658203125     
   92.250000000000000        536.50274658203125     
   102.75000000000000        536.50274658203125     
   113.25000000000000        536.50274658203125     
   123.75000000000000        536.50274658203125     
   134.25000000000000        536.50274658203125     
   144.75000000000000        536.50274658203125     
   5.2500000000000000        536.50274658203125     
   15.750000000000000        536.50274658203125     
   26.250000000000000        536.50274658203125     
   36.750000000000000        536.50274658203125     
   47.250000000000000        536.50274658203125     
   57.750000000000000        536.50274658203125     
   68.250000000000000        536.50274658203125     
   76.500000000000000        545.59600830078125     
   87.000000000000000        545.59600830078125     
   97.500000000000000        545.59600830078125     
   108.00000000000000        545.59600830078125     
   118.50000000000000        545.59600830078125     
   129.00000000000000        545.59600830078125     
   139.50000000000000        545.59600830078125     
   0.0000000000000000        545.59600830078125     
   10.500000000000000        545.59600830078125     
   21.000000000000000        545.59600830078125     
   31.500000000000000        545.59600830078125     
   42.000000000000000        545.59600830078125     
   52.500000000000000        545.59600830078125     
   63.000000000000000        545.59600830078125     
   73.500000000000000        545.59600830078125     
   81.750000000000000        554.68927001953125     
   92.250000000000000        554.68927001953125     
   102.75000000000000        554.68927001953125     
   113.25000000000000        554.68927001953125     
   123.75000000000000        554.68927001953125     
   134.25000000000000        554.68927001953125     
   144.75000000000000        554.68927001953125     
   5.2500000000000000        554.68927001953125     
   15.750000000000000        554.68927001953125     
   26.250000000000000        554.68927001953125     
   36.750000000000000        554.68927001953125     
   47.250000000000000        554.68927001953125     
   57.750000000000000        554.68927001953125     
   68.250000000000000        554.68927001953125     
   76.500000000000000        563.78253173828125     
   87.000000000000000        563.78253173828125     
   97.500000000000000        563.78253173828125     
   108.00000000000000        563.78253173828125     
   118.50000000000000        563.78253173828125     
   129.00000000000000        563.78253173828125     
   139.50000000000000        563.78253173828125     
   0.0000000000000000        563.78253173828125     
   10.500000000000000        563.78253173828125     
   21.000000000000000        563.78253173828125     
   31.500000000000000        563.78253173828125     
   42.000000000000000        563.78253173828125     
   52.500000000000000        563.78253173828125     
   63.000000000000000        563.78253173828125     
   73.500000000000000        563.78253173828125     
   81.750000000000000        572.87579345703125     
   92.250000000000000        572.87579345703125     
   102.75000000000000        572.87579345703125     
   113.25000000000000        572.87579345703125     
   123.75000000000000        572.87579345703125     
   134.25000000000000        572.87579345703125     
   144.75000000000000        572.87579345703125     
   5.2500000000000000        572.87579345703125     
   15.750000000000000        572.87579345703125     
   26.250000000000000        572.87579345703125     
   36.750000000000000        572.87579345703125     
   47.250000000000000        572.87579345703125     
   57.750000000000000        572.87579345703125     
   68.250000000000000        572.87579345703125     
   76.500000000000000        581.96905517578125     
   87.000000000000000        581.96905517578125     
   97.500000000000000        581.96905517578125     
   108.00000000000000        581.96905517578125     
   118.50000000000000        581.96905517578125     
   129.00000000000000        581.96905517578125     
   139.50000000000000        581.96905517578125     
   0.0000000000000000        581.96905517578125     
   10.500000000000000        581.96905517578125     
   21.000000000000000        581.96905517578125     
   31.500000000000000        581.96905517578125     
   42.000000000000000        581.96905517578125     
   52.500000000000000        581.96905517578125     
   63.000000000000000        581.96905517578125     
   73.500000000000000        581.96905517578125     
   81.750000000000000        591.06231689453125     
   92.250000000000000        591.06231689453125     
   102.75000000000000        591.06231689453125     
   113.25000000000000        591.06231689453125     
   123.75000000000000        591.06231689453125     
   134.25000000000000        591.06231689453125     
   144.75000000000000        591.06231689453125     
   5.2500000000000000        591.06231689453125     
   15.750000000000000        591.06231689453125     
   26.250000000000000        591.06231689453125     
   36.750000000000000        591.06231689453125     
   47.250000000000000        591.06231689453125     
   57.750000000000000        591.06231689453125     
   68.250000000000000        591.06231689453125     
