84.2803668883671 547.2190174490607
43.92358527087514 33.48975012930511
95.70697543745713 432.82822964028776
24.273326432056507 82.55108192104773
113.12705881846739 86.95580342731759
130.7608204956744 379.3357832241969
106.7002828766526 456.13730070763904
69.96258908975955 589.9664621819472
78.65448934249044 444.47561563072793
21.78307715630318 217.77788407601798
26.371447859157996 229.73927738644028
46.01635408763518 582.4484323136852
19.09651618149003 53.2789104361775
42.86648496153401 180.42197559944654
33.57558727212195 98.40112331401988
81.11366146461526 1.07758537179643
43.054149425650465 488.34205850603666
87.6458966312907 510.7515664938897
76.76168564409113 436.83704119968417
138.29059461176087 61.34089590626361
141.6879239939976 455.7698581246978
103.20524014495366 352.3299231167472
24.9967762077724 418.72636999783924
98.99739741618448 469.8549620650803
114.67095456680144 435.1248413392838
61.272831206657884 544.4866527755507
49.00353323763882 271.2633761108659
99.49218913010552 228.43579734226626
63.357744843975524 477.74648819486964
68.5029502201836 173.8070220962908
109.01789060677157 153.23146593876095
128.11611832516948 114.5532367547514
36.98796313133296 312.23281363435456
40.59104767943619 131.6176274842587
7.0639111527933665 338.70195735963756
91.48994417066808 207.90111208635943
111.4500575946706 378.27067774999665
77.91622336412156 385.72327455514255
16.925456456332213 335.6342220804843
131.3343976150104 13.969006125219984
83.69905262388883 431.0127107591387
7.036324607452002 132.17430285456769
48.04444785809727 283.82329514003294
87.68641234250026 427.3886498828713
33.94611651753192 343.46899788489617
64.18873521249009 68.30455629326522
71.05169223055628 467.68443467297624
27.325653616897 194.5390858628603
14.475945562019504 225.2029809399911
126.01169509821017 222.75349276110785
98.55350500551444 86.8257468771348
109.60833546682352 367.01856960270226
136.57846597587115 356.503545704473
143.900620963591 353.76347535303074
122.67178972984678 513.3217778786122
69.45136367702776 514.6290368881769
116.85902967489113 193.02355906651337
68.22071251703261 196.62939152212078
80.47504226818886 396.75001100206515
65.71421957978339 268.87143853798904
122.40537759139472 432.2339136933256
102.0059753922216 21.641243795445988
103.9690728437291 44.46101950526018
25.671900548206196 550.0573711902188
113.23827143564381 140.1826991269108
133.0256999154146 340.8970498231342
135.6737049107554 497.1389928580287
73.85696802163864 556.321482347767
60.03509290818474 472.8774852804247
76.98133149779902 95.46677327294839
65.65879153198699 552.2903707979968
103.06186953898032 501.51946682358636
6.408892706949473 17.431075214960412
112.99928550473803 295.55385019547185
77.30386785796432 296.88102525723804
1.020174754013766 397.82292117409963
21.1892469289008 380.18004655350836
96.04647139904571 179.34962144700742
77.24468012653877 128.58165342208167
11.122773146481677 16.258544813118945
3.528090264576477 542.2421509860974
71.4418679718132 332.6024053661301
63.96437275403187 205.4034668045773
79.7693819435676 213.00055579250574
31.436874781856616 62.002416757020875
39.05167753391916 115.25806054690457
61.14220594293346 151.3074140357436
139.19957855046061 161.67796389641398
27.07203208462454 439.77924164464923
127.7237595147196 562.0910803883163
74.05180480666334 523.7685353318852
109.47632780385291 170.571294935009
35.09439525872436 410.15433781909445
73.51207850559132 271.51477915923465
22.773002646573715 66.97939784067502
34.692833647954984 186.99221340268258
85.977749128221 18.833909100115932
9.55168472663891 117.56505941297488
128.45514270381292 510.4903972505774
113.82927956354808 308.7877864998586
47.806556799706186 257.6985076700848
9.953094897464382 443.7541481277172
31.95004330852386 475.5610569454517
8.269504558477635 548.2997380646858
110.28733376905035 89.69754186318248
100.51142749470995 492.7703100908011
77.25394244185202 412.3967726316791
138.51445236406448 291.01520738218755
142.18538404631852 363.9487656187913
88.46096274786237 379.41097116162376
143.51504524852749 123.41652058948289
79.72461260006199 150.91680864848124
126.59590182641949 33.96900204391675
120.0474637246077 31.114531637197462
26.599030318100006 28.558581507077996
119.99925484468065 533.5069714970136
6.075559099972054 365.9631294157824
55.5583455666042 2.5958758008495897
6.348843651957679 427.8540737328613
87.6618838270629 231.19334037411022
109.68622148425335 238.15515001976954
64.84726915260967 335.4862605356547
78.48745705815952 73.52832423732414
136.13462528324882 370.6023094006176
95.54120498534682 186.094226180722
53.170028381223915 426.8272863525108
12.09572460683745 7.3143697059950386
112.36339162545917 219.7128389364819
116.91746621963478 109.43152060404249
14.689003888661716 89.31311369179542
23.128057714050513 227.4654816717146
86.32873426120304 578.6356954751778
114.13053842576626 51.63377345795921
50.526990264687925 301.8511500634738
31.45725032495922 357.267052293339
93.14306728651559 88.08275796694957
105.97008658931628 48.69804016581796
144.37807989577632 83.92091306163792
140.27623378576058 527.0323614951692
33.64074411854858 25.738381712613467
41.34733261104829 173.72954094547092
3.186352338717896 360.72746813346515
45.38407244816024 386.4362525534686
105.99112436378566 20.134523967720686
40.89761469189736 577.2177480568294
96.84325341016037 14.702107270109588
67.50922727673432 277.7970309980059
31.29669554909566 392.7068353171281
121.1533588816751 569.1927581945038
28.40098119007986 385.116789837535
55.23990635972143 536.447209064816
105.67928032078814 443.0839581322791
4.904705726192631 299.45551558209763
70.30524084125034 329.20919785666024
55.028279541855994 106.3574596240594
59.71585136375231 558.8518907751054
20.306900578004715 313.12751311844687
94.74567367230941 206.9186599273048
29.9261891032223 589.3688833197606
132.65265464002943 368.5082901504019
97.19421054470408 30.504418346952345
109.77578417384375 133.5443076603757
41.772029863747946 121.04980333910382
12.702664758872118 97.59735785196042
41.43556345320644 140.2974802730641
85.11121766632746 334.78325694426945
16.43962317365819 508.55696090749205
35.38082734210133 424.0302626224784
114.45638864203957 562.8572431149173
19.93474783553384 503.99923928750565
140.2432438128679 429.6767990732713
111.35688521711133 29.524051929449712
73.6203012685747 11.839018019538683
140.68740541594593 391.4665991461101
132.20288896439777 435.0004768727877
142.75082406695148 53.90229964210413
65.53855504512418 490.39547058149935
49.60328467925838 582.6305893090389
27.48520463177971 185.19709111652836
81.79827703756158 313.33937001138185
48.85068612923013 53.42685170564116
4.10787327341319 243.59940350677087
87.89382050414544 376.7111287379671
8.248459123577703 593.9839957517828
127.66844960682464 448.4787186979494
6.346784743542742 397.7546127311766
26.463175705257797 307.5674163855582
135.0455250556974 82.31671458226906
56.902014073547946 487.86175708395336
118.08732584272117 143.78005764741226
91.13012052977344 587.8236393822725
109.82183365432147 82.06131658440366
68.38429942745887 68.45852645868862
139.59488659608667 174.7133815867962
92.92427303580268 235.18420796059004
121.12750665967522 73.58417686126887
19.881670261851283 409.7078356555962
81.24435725264705 459.3704501461201
147.92669619044918 240.7703540654061
147.56398581266694 450.1986624773066
1.1946074867498595 556.8419521977904
148.05485210625008 17.532763171432464
128.93741645579098 105.35438965983262
98.43494190335204 81.40608871379085
47.44801515306108 210.49285727459534
37.05838435900317 40.44081631533514
130.11598603563942 554.2352692279668
61.097285546922905 206.93454374087227
11.505954416627532 175.80152890978653
128.99464755236704 386.39025612622055
94.06321865457217 528.824940779585
130.1569182290568 456.30663143977915
120.18555624856347 138.67852351580788
95.12449498459776 303.920537402864
118.68730734363265 118.23501656160029
71.80789631617898 40.69981661824566
79.01394663329248 256.2273752063154
130.34479915102162 203.93138037725956
73.89604284176755 219.59084178344742
109.49477921573 138.35102440177914
91.59699893938347 520.9072044074411
3.036415917684053 325.9755448910075
109.02807222757653 411.5711034926528
30.254566501592294 150.4591222804246
21.609317303933196 144.93591997488312
92.59004667377178 430.75419646102864
108.22825382350851 441.18529919464373
46.99389930867943 458.93539746783046
101.89741357064833 92.77112547268982
56.990418434680436 403.58165272365943
129.48785342697425 100.91048997432826
51.75412746409087 323.84331093118914
113.34347186266879 66.76488394682087
104.32298953134253 140.60277981651348
44.53385991773743 128.56679047974205
14.48725711251923 567.9283409452539
17.953466707960786 575.3775013218224
43.32129161143378 302.0399318769587
74.40582053218031 186.22989334453595
38.649441121388136 109.7282940681731
27.80330399136831 96.38007001165658
113.37303835973887 148.38442491007746
62.6401127780301 32.08562179544649
44.320080536164696 112.66619141253125
138.0982636006791 221.35405164738214
132.6226488048605 107.33953325493164
145.55007876850686 155.60366952450698
76.60864903569644 346.8813179945688
144.43204716809754 248.28183223042467
33.407395234571226 439.5218421210875
10.28262261435755 261.8128094191315
118.12691594463229 555.780935167552
21.893241193314566 115.97253414625273
111.59308320046196 59.06693226062003
3.053778551467502 41.275073809351916
104.60093550486985 515.6100141262785
112.26163387788571 332.23193752255975
148.80755521546433 100.93474861439525
58.13757311487569 528.0151580123763
97.4254418442231 347.0995282869233
58.095455922957 493.9902512567407
94.79319765713778 279.5000786791517
149.45921430750207 460.0114116675274
89.26068416188447 74.4797465868881
81.33027155846952 437.60433791708425
30.489566084985043 467.24143538151736
80.6805988881879 169.53108706333205
58.44010061430316 299.2614580510928
121.27165908642912 232.20644326060912
102.65973135268533 64.49926372958706
125.53355297421878 374.58072680834636
126.0766563627172 473.1837788634887
125.44633646489797 320.4131859020828
24.506789949036786 538.571900047192
88.58285097038643 294.34808754891384
133.24261076271304 150.08514969983528
131.4944502463626 479.0136422640665
7.346795461328256 59.732666454613195
77.85297061533225 337.01200071568115
52.97953014703508 362.69080250998456
27.421231832409035 258.4662125781012
84.20440063922467 235.50457507210794
140.3170453563596 472.5874015918052
109.18567221657808 266.7238514954795
16.460704511983124 118.07625440340617
78.84142522713009 454.1594889896591
4.189712200459724 315.306831263378
142.87118943350225 233.28948738924257
11.142018930437132 579.5913484384137
109.39715631506434 470.7142126631604
100.26849494326311 484.02505349598334
14.923010548699708 69.19176802313606
82.31825564723175 117.52283012284232
16.489104741906687 54.448596984844144
120.45361324725923 597.1734527318731
145.77704355398276 557.1867568350309
15.086742877378327 590.6057127009474
105.20849702694437 300.40485262338734
67.53542922244137 365.1359489438159
117.85004306446083 343.2163423040659
17.618624278021173 145.08149785921069
78.04464920114293 247.19607811300287
54.05288832808009 471.64584215040605
1.886775003944038 201.7329383551766
126.73005170495831 341.0661675438684
99.06547436644733 521.3595330529553
71.83191248534882 454.3179349489745
82.18346148283854 233.0520109391699
61.64671009908062 356.06783291562795
28.534976878441924 227.0711295390021
57.26614173991288 222.77108181148216
96.17019754139818 454.2055405628495
93.5061579522463 55.50954070529981
10.683292400957058 35.25324770951956
86.42134716013425 81.56809642099985
53.0760496289021 95.08952558622153
114.08422747770976 45.082534154256535
27.517237845718128 187.89777126051766
114.66731705638881 57.48121248731615
85.4814285830855 399.52748091260844
33.48072365500029 504.9209368516658
80.30727816913803 544.4554011538524
83.86749597183693 178.31375380387263
105.31732017469889 395.9899042509733
45.900795797396526 161.36100242476573
100.08107894202487 127.60195257246151
67.99857831412939 315.0490356140745
47.46678878096189 280.31587224042903
38.66363252423746 379.5417199135668
16.431623696650306 25.926210724354416
65.97738970421918 161.58846304049106
38.10826730421091 591.3269400442703
36.301264213548535 221.60854316723635
53.530722280887204 434.0960265268232
17.359044193030186 332.8952345089783
140.3786699293192 558.9435603842662
121.44044516724188 199.19541574096294
102.59315937465021 8.254241804214967
141.45116614808998 402.9683777679683
73.1804483298007 549.0969267649577
99.4346662575838 47.80293906282231
140.93543636701224 465.84529814620356
50.011870126842595 191.13871852140477
45.80934018080603 202.05924856812774
55.04009694677745 195.8163177814261
39.20294884965621 251.60860714981442
82.93916605820256 86.39101242656466
72.64173728073078 236.47933162367391
8.71460964189501 315.44561190816944
52.87993217563735 375.1931896198617
89.97735195573884 445.279650608446
127.39985282177624 456.57663890510247
102.77896319883794 110.84370784807183
142.5857154367652 64.99146814192733
143.69107099951282 138.58159149708558
23.940337803155458 262.15973206615666
40.21628619980213 448.97739005412615
31.405963397078338 365.65022719360024
37.059474463773014 179.1922006768875
140.64510215418727 192.76382570821684
19.83982429726329 363.19872608526845
97.41298743824845 366.3899307665708
41.686709866219644 229.19065741544628
84.53681928416734 60.75687175812197
41.54775108481999 3.0962023556200924
114.96701277479991 125.34710582145449
37.85698257358956 302.14991783306726
86.13590174365555 323.19921746089244
130.90393866695194 76.45598742360788
105.23243628285803 126.81544824169002
23.724642622178337 101.0850363766853
106.2262429171925 53.8057342424203
48.493796549385564 57.767985365024124
84.44613819232151 258.37305117289105
17.304561230075137 319.79137543970194
100.35015187297799 345.23301208061383
124.35668963568556 476.7473882762155
28.606999194006136 75.82906552408832
134.15634114944385 110.90370816516477
19.316473207936312 151.50442492503277
74.80828981622426 496.2719083190136
144.1576468477707 273.1484114832683
46.696955993566206 449.08029206377967
90.9085501129883 117.13405062738414
78.17088146464584 315.43746645978376
101.95571542881959 333.0106910825328
29.90323134554609 252.9772021477112
32.425779805446126 33.14479469068816
96.69346603916 4.326008074578103
35.66270357041758 2.9976869181078447
8.77585641039829 24.476944625116737
3.465257899987023 468.0549073509408
138.18476423137247 71.11979193529403
78.38505931330336 167.1390322240602
5.344168714311209 42.93319660534416
102.82236065506994 596.3253845862612
108.48560553438674 59.37110894633222
63.726919692771446 339.77065614601986
131.16336033090073 250.50559354050438
116.1860485415283 536.3500325001281
62.04191751149514 127.67691142331319
82.34767847323286 138.16622750974247
68.94322927998701 323.7766940258668
110.58773250170418 314.88134784850524
55.85135841933632 586.037365313245
146.8629381881029 519.1817470860603
146.96519108068094 414.878396077074
112.43789996937693 545.3620282741738
20.04787030906968 329.6914099138942
51.46871338837151 133.7665291352079
105.64336667900216 189.21052408592288
39.17705041003491 177.1678708528353
5.336334507309701 110.50721978066333
97.8124986628884 592.9800799469863
143.00195027287867 230.42880717621134
36.70513361790877 32.083641868142784
96.18373430942613 396.66246675643913
13.186806777907648 110.48597357070244
26.977475469022338 272.90155937774966
86.16966979719429 174.70847327565133
92.24612667882406 385.4386776649632
112.06871361456835 243.47984527767707
97.18269913311201 384.29262757996264
83.71652305892565 397.22794408531934
63.23820646171362 170.15839742279098
75.14731368848835 541.0456634963301
25.0322044896744 223.32115323209794
122.90290812589235 358.7583610086368
130.5167202370178 425.7425309419773
101.66589068870125 199.93860130934874
130.29595391044435 64.1568156761883
143.89831043608177 342.32881016187383
134.5735659370503 95.9953118702602
104.81926222221782 283.63179400786186
43.73279786896046 16.72015898163941
15.088836115191313 357.9195319420415
105.09432302709916 164.799877391838
103.60053906965149 144.13891080707074
57.6284747096814 515.7563824647275
48.33147483309472 323.8958313301396
49.96851098824989 501.3147506009904
147.72943277135644 362.63383264366547
97.15060945159378 137.79927877815138
130.46844715914006 361.57574553960063
3.139383820815695 149.37335159525773
108.85589398535922 6.340420312375539
57.91369603810176 257.7763729826749
95.55185681509354 444.0063869714536
72.60770500319967 597.740317677454
74.56131995693926 378.8381817810293
12.394287247747187 159.64302728829253
89.97870385983533 287.19400178148055
108.58257148908817 395.06709520218675
109.52093993343192 474.791555562595
21.30671736326606 165.89856630668856
35.565369974900165 446.20756216636846
82.03365781622026 332.47963021152424
112.44262902507984 78.29618668360858
143.67528258396447 535.7902553844693
27.455197853377044 514.3787394040473
26.804283198629918 296.7714512817103
23.502522277757734 61.16933401432678
90.63744941154069 61.02769667654264
34.39726699241295 375.2921177802343
33.40895258734362 257.7207144436121
114.92497647594922 369.80344691247
113.98737066181396 377.30364934552836
136.31331730268653 373.46870523568646
46.68012814889107 548.2812016624495
115.73889433721544 1.6530472123648554
124.74343814546049 57.80328903889587
139.69883127768355 326.04950392585545
12.470634718724881 491.50346697491347
22.785570174072575 257.0951600340427
123.24618815845974 306.24735842616207
33.10460011487285 234.44969593108377
129.2483744042003 2.8340673258932414
115.56101402182014 267.4674357196357
65.65704104328537 372.5851065147277
14.540067502652292 18.293376796671534
142.7459580231241 73.85070533928737
54.95879700582111 373.2296097203966
4.774160067661356 156.4048077894388
48.40959792918002 314.22324380331736
149.76305078114186 572.913954850933
71.9834191837266 20.52994711724516
14.41517553222215 33.645171116964725
37.803120856769965 586.8212130244045
30.53902757364959 416.3399334101415
9.96030945203168 525.9079078348566
105.6008357666047 348.7787851721856
56.59190710148178 365.4178145630171
26.842865072093346 489.18549779867635
51.94743318769028 87.61142463301724
114.1011671824732 32.17080467501141
62.182493900796345 311.23702474175303
20.12483778280253 383.712078844776
62.85597601558425 154.7834917084885
126.95601231559974 599.8817498694032
92.06106915224098 302.0394638212702
0.9355687703833411 178.55968056865967
120.02035195272751 254.10095870044108
58.198672885166786 284.66660144190774
55.2603653739601 438.30006205136505
116.14716168931189 220.40009721927055
13.46343303078045 540.3458587546778
42.79524217460637 435.63422490389354
92.4714591507081 253.93609134430025
136.21327541095792 430.4074457842552
71.81170082333955 567.010708488813
119.33007298687167 351.02239670405515
65.73976623540307 377.39244450118883
93.99676725802736 417.1817348348225
62.26132232795425 452.2270814419963
124.956070999822 70.51272507439836
61.085235117939476 254.83202932725288
100.81246023953426 247.0971714517189
71.48755192656168 335.9961412372436
141.6563411314259 303.9380635074156
1.958712280655618 171.7050478857885
9.840765527425546 464.93278401957525
133.293320636193 132.68550683489366
146.62194166332694 527.0406003960948
39.704527006053794 419.3237846449688
94.0670580442346 393.6448757191974
11.145863683261169 416.07705076660443
45.1050868353033 176.74612806628087
107.1382671405358 551.9597431348946
58.8463918228295 231.72364560772277
60.750365228235665 498.6171656488655
87.11392120410837 416.98305107054165
94.0514553075233 147.38958761496443
92.52223882093304 559.2791387767653
100.01003745588478 280.7866519031337
103.20139633572623 419.96138686406925
89.0181652583936 576.3513984721513
142.4864172766799 552.443908441906
1.6242799721025136 470.7987014704072
90.60359309427423 37.43754698392874
111.0236927611764 203.36764997699885
85.56117266834136 538.7694234169593
20.032412207485436 557.6981402971287
30.97832338966259 459.80584708109296
17.36103218222769 463.5905738750852
120.62000522479572 69.88886429317584
101.24348160635904 449.69465986692285
44.68218403581821 419.36819001150116
145.8624243838023 389.02168710307865
73.83343014342867 395.6374270158877
90.746568063844 112.40972304498823
29.994136654801707 480.6652115757575
19.1577487303838 510.6211716402576
123.10621582156001 343.76427579221706
83.45662899234924 415.68979150457085
68.66115960214634 204.5268999608051
115.48339345776199 185.88826157425174
25.954092648629086 57.0872552559817
105.8213933216466 339.36200486540145
126.19641630450297 506.15451991784215
66.02809422809918 281.4519785732556
19.52070248248168 95.17656704400204
131.16159904276034 458.86683996790913
123.50348750420358 500.62757610239794
37.392157528919086 138.88854582876573
125.70836631113995 488.6486088623179
90.34058703323535 448.4031565774444
7.84455028901489 344.84172242511113
14.116622814240287 367.5806973721478
81.30659247358516 540.6841162513423
107.18946531783797 453.3123207265611
3.410884871057206 282.27788928620066
58.45229917227232 439.66130591025956
144.12974435783036 317.3586243808669
66.18253398758372 33.59284431401981
13.050111548190984 295.2817086371164
83.63581193992846 208.62607738842271
11.534509345562782 554.5070716424377
12.772916002778516 433.8887326030481
129.761670456076 226.03916109212997
4.355510049434287 90.06129562269393
142.02020741014297 155.51997275310646
34.09760912041814 151.99702615339902
142.66399390596138 132.76604064959596
90.04491212911603 199.3846496788136
118.56119720215875 52.78597738130504
15.057599433503526 354.2911455727099
45.5451274088461 193.5100669611682
134.34239517432152 360.36332122006144
98.64771606255306 204.28664433744018
46.875156049573974 594.8823002988491
56.306352443548775 130.85598891673266
58.13338535913212 239.6019147224304
30.617120485308646 427.4410186178242
68.38781705717176 164.99627958053884
36.565711424570424 116.97168234356509
54.902688496561126 162.26652572384515
2.5879498415552717 297.12323142208095
144.94321433286666 466.49540684241964
136.3350866350955 551.9853551140504
130.5574750585983 588.8873888217038
19.326107380670805 390.98911102884864
139.04173190160918 264.1056155383625
55.79335062385542 247.38184178870395
29.315973738436995 546.4467415806963
62.83994750082505 465.7673477221472
143.10653211545912 379.05294651293764
140.60425974698182 48.777567144237445
74.00239804020939 359.86100609024186
113.1987623926945 261.1779352509301
112.19966150213432 171.36372821090018
8.8660678366397 500.3937547563353
115.47328237336214 117.45318044725322
74.28912885296756 162.80468657738564
137.62198014475192 211.38328928403632
123.62480481699939 347.16241109067397
113.5062752419867 206.86451107027986
51.49183698153662 123.64185490893902
8.71925533728222 125.08563577846678
23.541371250910828 398.8324013011426
107.7947945506962 140.82648140290667
41.68853928102301 103.32211582997238
37.65556275086557 484.6495349332475
37.31821435026872 191.63960396723368
88.4115820376348 401.16480872491013
136.15658610290896 309.02340811645075
86.51460297822068 49.951220533080566
127.33666232058226 111.7244995280944
133.41188603827715 332.48828969443514
0.8838980283200613 194.26108139719577
72.70902934317778 31.68509831822903
143.62231820018317 589.8770677679032
59.50273757644527 94.15476373459168
59.998585033164176 459.9600571258373
37.24463560920702 299.2841107629183
114.29606358390794 414.1452576312833
145.5439964542278 487.75214235624253
114.66848565690162 204.39161492238017
120.42568799997937 194.4939360314089
117.13151408076482 394.5947881142025
64.59798588010099 560.2811401295991
96.62008726871184 283.3116985221798
75.40380434674336 363.40796607466285
106.92848695528743 209.24987230931106
37.024968866156016 394.1440292204461
61.665450617235024 330.7561444781578
46.901345914626944 32.891247695294055
59.161973032833714 37.469534018688336
147.65933481736533 347.8529942542676
49.2545379352737 448.2809080877283
11.458618044129096 331.86931265212445
2.6240208339854547 309.25780338580245
112.56176896152634 366.3807730592631
89.2660128076293 319.41421927274376
53.686718017148564 235.05324476308604
39.83166586186813 551.4061236356532
107.85533245872529 282.225747362011
41.11641303711022 512.7521088899751
46.58651154288091 346.16750404696546
76.12265705185335 382.1332364678022
6.832703540530773 277.58234896477535
1.6003254465466057 539.3673488995221
116.84690966167466 390.4929632297607
141.4746918856776 130.33296736996905
74.56437164532952 342.46086128162017
37.29162237403001 201.29361635005057
8.44348970972456 83.6531842586903
35.36667071075753 287.03512816468645
88.13873026728496 433.1685757282966
20.958906355485226 44.60407744230994
89.88535941088014 481.50720719602765
121.95877558703785 239.20807477354026
105.5520578640581 107.2775641132121
136.46398077942828 280.45273223016505
59.362468052827154 10.223938786528674
112.4415368180608 213.29478594086444
141.86521757761057 487.4270981937533
128.1956819118734 520.5126923956205
88.63429956494889 219.6807025738549
23.642919465569136 26.16248713544598
96.40703179757074 239.54870420417762
23.73902746532319 168.87045803695236
39.94031103520254 515.7068189853956
18.122820087716974 284.0495342739767
36.81164782400499 490.96490565375456
97.65465569368536 330.1399979049015
46.51439538564216 143.10625781327118
107.54949226698477 564.2913343282587
82.20451543781988 335.20713099159406
62.57548169680942 249.94429243380438
8.92133168478847 383.4428144777062
2.553806894368762 98.54890864997618
81.7395795848746 321.6968506799233
49.258199428956004 4.08100591245768
139.5997814498745 52.077231712198
18.791811974915205 489.28761239654625
108.68505355579254 297.9753071570549
72.23336666127847 570.7127030270641
93.62957167659957 533.9806450345975
41.131853109557596 111.07111354077162
62.154109856532585 224.18169402362253
115.09245573776282 304.70254607107506
120.25517072770887 385.95110124155866
5.36832123426943 406.94342563863876
61.677051827601474 183.99657511650977
59.02580454050491 139.26617412435908
36.919918344027266 376.7426625333188
141.96298364880084 165.87090039984807
79.09475584432873 22.5118738423959
68.09524670394401 428.08916700582427
15.924905271709548 178.99750431680204
16.15410653979795 411.10489271995465
58.210395189486974 415.4423817894171
62.97172596765216 314.2440475039234
38.10831524876045 444.73787816016835
131.89271438743424 594.7230739341014
83.91076122464256 281.776170302081
28.221683082423198 345.09522378978045
95.78867256738394 233.94069965795825
26.12000572024739 337.20137688030087
119.71837380290647 542.3866667466133
31.433839658884693 128.79282370577513
125.96815661789334 83.56520936538212
37.0772991684194 262.69612750835734
118.93313151425812 241.86462599467387
133.78765639581195 562.8959815254924
68.07788424473313 294.6347257900795
14.872563097916071 238.62794012546536
16.453303986898106 131.8323546297998
58.02642704158646 510.48008358704897
123.07002485693205 481.05580182459914
37.38449141755201 461.9985118704987
89.16724861581477 408.20184856472696
106.00403596144844 131.0707085262949
47.48130321520911 97.36849796067129
85.71924794043086 490.9213604773109
43.49501765174324 65.63030721863036
14.393806416068372 571.4255895698908
25.948502430879458 375.0351333592532
46.93777647773996 416.3959278600559
87.67273003075739 503.3489172684499
41.77663001872834 417.212151799996
38.84686815602984 429.7017501206952
117.59908598654515 445.6198771858621
118.5391793761429 524.9306026781005
130.37756245375596 219.93746945767614
121.54650438476878 151.20382316885284
78.27326857608635 285.274546501519
19.187091400212935 12.774926439319545
103.08249133208318 291.30503158763076
87.86483507383787 569.8845451076601
139.7736398720491 231.59182472614012
20.787440749503205 156.5834770301422
21.764785858924924 592.5972254765924
98.49262829593013 579.1202569427633
82.46260022376057 502.12575917911585
33.48718013608118 267.0724477559922
83.0780044296709 214.86017275130152
85.66650721733531 480.8935911741458
47.46260258355207 330.7691273029899
55.13121222054522 504.82768630298773
120.72260015351802 546.5464839819389
89.52816971060234 167.88552181087618
44.105280596205176 512.8908470176035
65.21396156611414 174.02181286744857
128.88033270997587 516.7013082910879
78.45787116307929 29.01483073991489
136.26553041110077 570.482297994448
86.4222304171018 154.6303013874668
99.18907540886129 196.24401706870898
22.93498342607201 93.15803322548568
57.15129429418403 150.10179998737348
48.89263539891631 22.42070130091993
111.35025037294125 508.9814471955757
31.865722699264182 424.79487216959296
73.99234307150888 168.95132573452548
73.45850397640544 356.5709733259437
149.87719226731994 586.6795856009204
2.1321866321185183 14.25274751204717
26.418711441775343 564.997589577838
76.86678847617048 188.50455352691836
121.45518845037881 206.80820166622956
24.161104669722548 287.92289969697964
68.18532114299802 41.610986777516445
80.76217020450058 560.3259393298487
24.79483579703387 38.26843995654463
70.52144286209307 55.232370102785076
129.03499270561682 247.28227130584554
131.16346120912831 277.9439866199653
134.33073075801946 129.35046177517984
144.39158280082918 455.99017173646183
138.85053759333476 106.88385550914018
107.01281917649341 372.278260150233
9.570805699003799 321.61607054398223
140.97875660819915 574.6772120342639
130.27653892850748 186.57743912517245
94.60308452964456 322.20993947911467
49.92711789221735 16.316778273589883
129.93358646131549 267.5443315670416
70.95957612920066 535.1864478664992
139.4358453196202 14.869934348687108
88.38404890650565 235.10719629322296
45.293215636220964 250.90697587059478
149.82449486307394 158.71710138247278
101.78752335105627 337.07878203982045
49.36357227477977 143.6190216310631
40.52814627216263 505.374534624354
88.88538516595301 599.2374990653773
20.48441363364323 273.0730983171781
14.753531654333315 1.7218580024526364
82.80408118282408 401.98155848741277
72.61756915901347 122.11585367617886
114.33522945069132 590.7176212810882
24.390483944787093 130.98494697063796
6.502582772427161 101.3589171300364
121.83534444665321 563.1898352894344
23.140920241691575 369.9366873030027
