22.63914311432928 116.87020296734444
2.9055003612924466 137.41366020274933
38.72503122973773 155.5752227812219
7.82351887669796 123.54257610399762
19.613494599702783 56.75517122140567
4.316066531396128 45.86547598870176
2.4474771624055975 91.56268869895096
3.943217707627838 88.81815883255726
16.05081481222915 37.27600297497174
26.811270121702435 115.9205836073524
22.96635923528661 18.66655174484448
26.182884608936053 48.429424234788094
46.705152575335475 63.327444731222954
7.50951179510227 4.152035121230038
21.56131040710418 89.78391049024424
43.990811067496786 79.11436669330499
2.5892848032823395 87.28124779779303
24.375062771604036 113.39936787349839
20.086843677623072 152.74412643321514
6.561972631758454 79.13004951513737
20.68296033989717 14.755434541389988
20.04988477995912 154.57038947482434
19.153335344460537 149.30059661553352
16.00472318496027 113.09182733133905
15.616313691886027 111.81076539786764
45.00815231054911 25.587850991752745
6.474587356675567 7.609579717513724
31.19042927399295 42.35695750423949
31.34826533833805 97.4480300745991
15.288533303059452 156.36833430679675
14.807403776945982 81.82384102684756
41.008927240345834 9.673064110013776
10.742879212556339 65.27609793586794
41.27689005707782 41.97500041388894
41.71435716529042 126.28663095797378
39.51548495489615 48.44368071448338
12.854315078387387 130.66672206311083
17.37940710112307 92.03645952372783
20.180762481184516 120.37994682969502
41.99913566018587 31.84678005021771
31.846445961318008 96.68476476537428
25.57821015060425 32.90464192520992
34.3487564231329 57.288301114910894
38.487011672230025 159.05368866846715
37.30491899983911 70.02712454811333
46.9332187351822 16.09965411999667
6.2079834855696205 69.0162776923503
23.893203981352613 53.937353533931315
39.435496206484935 89.01798870752899
15.261571374264093 101.55202465032478
31.159720159637224 152.7458215995637
46.622862172695136 19.689592716853085
36.93475774518947 14.341028285844807
38.94167917170949 64.15407906481497
35.69526874419973 61.687958327290396
43.00744299236784 108.11435261314627
14.235104874451238 146.60033396960853
23.6478554270538 94.91639538565394
45.17791750621703 131.73926869293416
26.313730021262877 144.3034049462498
48.91469771784931 37.20758531922537
33.51452052616946 137.2539006315072
8.2141072703537 33.48241373822122
8.54648111489444 65.11344660904415
26.048036625961835 92.13303903181375
47.49676788546799 152.32105483048315
14.364465062502717 49.17732976636673
49.4258750711803 72.80891736351317
21.921500721905083 128.88645901272747
40.56761511732905 149.75263580677748
31.083443949600476 147.5630776977356
3.2827984011001803 33.70997630366166
24.28161167374165 77.81688182174148
25.399722107435394 98.47771484260011
32.69066891573669 89.30171119861375
38.04706401089021 154.90117514326099
33.77136117987155 56.83481510610892
11.037451232832908 14.940061648493991
24.304162397470122 4.394719507975315
22.993368037851724 35.61699005939306
16.310491218484515 11.900943560313065
10.412333351631112 49.12714503693523
47.94330333026771 24.34891876998557
17.469865254268527 147.41445779140776
12.424801777179113 23.762304077149935
42.9336880822755 142.37307912347865
17.00613495321607 145.4099769023484
9.398135313258301 14.167194723231654
23.442682343601746 12.860313596217784
35.7034447630809 139.8377484406402
29.6386308219887 43.645914803145544
14.372263759912485 154.29816574278848
26.34246969879636 49.86433983316497
14.453197209186484 62.25469317404185
9.346635666576212 71.80532725641369
13.280782726915973 144.87083805513305
23.38258192374783 54.57838304796107
19.262384322197533 33.98898279907237
3.1718727179231507 24.06095753391777
2.9509698500785326 155.85915341927927
1.941806955771792 160.33768356482474
33.93222792878512 63.12094735896298
17.887025356389195 127.57311403287605
12.625763271685763 80.63423285830403
9.375691914670881 16.03865737013989
42.26716877148146 35.94387068327694
5.969145955877824 150.8892714962517
48.92400573422775 107.01490698921852
48.32845140531028 135.7318451879087
32.95981962172627 6.44953933995499
6.2953248103481485 60.35792664988845
12.974103439706454 124.34751723425333
17.560841519514156 8.907377070138612
5.021575523873299 135.2524262777582
3.5912393567758016 54.93107964339484
39.141618587834856 130.32908870751658
26.16687845615712 158.3713651769345
26.112940363093475 1.495817704303335
4.645855961932675 23.78756326777782
30.75385987296086 50.38732080045826
31.953636489582408 49.593789975170516
0.8152368323266153 81.31481763602379
26.668614050052835 20.110190219613955
25.098035569765084 99.09283678991822
14.542644767808923 62.95104513912465
48.894801390714846 6.265541789032646
29.548933709502666 83.78606339896452
41.3860364283954 29.71414975238718
39.064315811051785 44.41055278274159
11.59909479870479 99.16281512666086
21.914005994117588 59.88816971856803
3.4812737550259314 133.12093843625783
23.73281994919666 91.44288548318956
37.571228539355246 81.24860939137803
18.636157861539722 144.25810122932322
10.817325107060327 114.48869320286475
22.016708130194296 43.9017351756372
34.05438312971577 7.059731413161617
19.817739903055468 46.245611903003756
42.402365722148815 82.6886089819678
14.740024600773573 28.515370875244404
13.322305864117787 142.129887337326
1.13674184379148 71.41637515038646
48.14561057413446 80.31579977759364
4.40969518618844 141.05808059438814
28.873613112410677 125.49756402809439
22.48812130020241 134.50163508079152
31.611563471078 86.06205092496486
37.030824997554696 47.991124871689344
5.725699486337771 65.38115145702947
0.17626989290682005 110.01531155751792
46.58771998997607 109.73630598166989
8.675709979650122 108.09579009855398
15.85803703861744 16.08806673800068
41.99462453034309 6.530782871545411
36.188583102573986 26.066785006056406
24.668049179322296 85.54181978477885
25.715021491819595 51.6661666733937
46.596621052186336 42.16101574384334
7.924386157846925 107.86818672668694
20.534075686302202 135.86283470776206
31.59781911007395 156.8124652736034
10.176696284329836 104.89536000642026
30.641058056582953 85.48063355304996
39.54633766168574 126.01078166460744
5.375305328810011 126.02332294801278
43.85873014120111 131.60023215672285
15.949048211768755 128.27905332769978
3.9094519170507525 58.929848376772576
26.663982743574614 88.85280466757685
41.17869522612066 39.08080244996757
49.65404400829722 88.22644565796668
34.294529133829045 55.70782969213359
9.632456188798763 40.29517820116544
14.77749672716223 24.861789722060966
42.31670679816359 65.59393766651505
26.200636836615022 116.00661627305874
35.53825506782991 16.819707107420076
34.36822130826609 132.72359580122549
22.54363430674583 34.28142550548598
30.53974860836025 138.05472965231064
10.551483671335951 123.21801744412875
48.12465639749187 120.16238443832161
17.192749589124972 2.1392167452624418
47.09244580054978 140.923735431962
26.665131275981064 122.3159080478676
24.25299190556388 58.36407956279768
9.356623177898129 98.80370626372095
37.233599896944334 91.41214807902035
12.925759643054597 72.90884806836304
38.98768963551121 32.524335000358704
6.1902909301003 94.68973911708439
38.73037029831218 61.494748305115024
32.99771224163644 144.91693964922393
49.11463422485595 157.3765641722143
6.016008770379127 72.73862734042976
5.091625868215477 10.44786588068564
42.78423233201402 89.23350228615445
12.262292505253477 101.38565944208575
31.626759251577298 5.016751328356737
8.09160717484766 114.66986204005394
37.87315319686508 17.002206397739545
16.780518005837138 25.617719903704483
0.6124357626569186 46.5100061072084
26.909834358470068 87.21853290148319
1.426574690525701 15.219747665795317
49.41626215368207 119.69831666654213
5.988566811855417 14.622781123116312
9.472779751402719 104.26892387997081
6.80701048537642 101.0400603716755
29.75926508638295 17.026501202861812
11.975753861921064 119.82113289112344
41.72984855200036 7.196422456956193
32.51378629171053 154.05650797377336
26.09864835876207 94.28006285074515
46.35299881011494 59.01881308017448
26.515657927274813 101.78480935566719
16.164292118893115 88.86581276295146
40.40666893650388 22.39446600629779
8.785707890812297 125.40264688167426
15.241693245766243 53.73928787767631
7.770834769565369 60.23786007463203
8.9236837618635 57.57372781700786
2.727757844401438 68.48844310670655
19.01798254366195 129.8432321642721
9.954513389380786 29.751661261505145
43.72253206767289 151.34484386201004
47.84124895005885 140.54650564368524
27.21812957599143 52.98703411796576
43.20025234778933 13.075960229813328
3.7720941952402782 122.66248960107458
13.475269132630451 153.5649096150138
46.22073268741556 93.56622601781383
15.297339636690033 104.15060971689527
42.997670862666 79.6311250826749
28.585430390654807 53.2400900888283
38.87213361635744 69.93168339752431
28.452765001479747 41.44953039563491
5.6630310773491495 3.2182792669562246
34.260253815769424 62.41370061060995
24.232132512817138 129.3140536794159
42.394702602890305 56.56809255322289
21.364877979982154 28.603052677201426
45.30717687494722 94.6764228143241
33.76237799248612 151.5400209105711
23.376081314239883 16.8764239236023
25.847837405867015 74.93375349909458
15.218705066625127 139.6960680075042
13.027409232221522 115.12034769413548
16.807548964155586 143.8567145075903
6.284329280526961 82.87947025924642
42.54128269010709 45.643544707263054
26.211429949067934 19.517411460422426
7.117653612668462 91.37679171875286
20.695387571463776 133.89959122319073
32.45799670417819 75.48562809459726
34.86752021136377 133.49416744912753
28.559527721820782 140.16135673061063
32.613813349615384 124.03504269080553
30.04272149397438 136.48473541092915
12.587845148237975 66.08908046347116
49.51093189736979 31.995788378851774
23.9753859186413 84.73233468012161
24.169434005124444 75.17839699451677
7.656153932617876 37.43467454617445
20.015900107855998 38.51371972152507
26.80183747487381 38.20025435940873
17.918028279969654 123.71210075230253
27.764533890456228 116.25811648859377
23.081949571085325 155.72112360590194
44.42813642439204 68.14968729313051
34.94157258359712 121.963395073884
19.844605607350665 120.35920652790153
22.39055172265951 144.0880597515755
18.64371851427014 18.081829872001702
43.41835013257281 32.45402925921748
7.446764795996906 112.59798610411644
46.522857647426115 0.5444478893499028
15.425076118023917 14.560918041286309
48.32696065740078 65.00658388748295
43.823040365132364 33.11537318295601
7.326379342336118 144.7530502721673
8.487199622880063 99.87721852339926
41.897145822392886 23.18285359046453
13.351919094111658 91.4985048390355
13.775101747866131 97.17882325022234
7.331867874029271 116.545807589854
43.58256845335905 125.1571767094562
47.67262987334629 20.780158087540865
43.37871588714283 52.19600214887447
42.25903585611141 84.79341754074481
49.025682320741154 20.470512465064026
6.5090066153169595 110.69880094173527
18.833066429120294 137.4839411871584
46.37324873510239 70.48624463367835
1.9892659046857588 118.37226165170561
0.2437451166681761 105.19407689480803
49.35462430078263 126.05595801203032
2.438448431033315 104.47026837956525
41.703138731316955 115.4269020480583
27.62084469484613 145.01616512580418
14.003518451922425 148.54090757775202
18.790362443680387 145.92147393445794
20.916500783531802 40.98458891464085
37.95248065551648 140.58919665161136
27.209421071658312 153.97469775529675
24.868972556334057 43.50894825042061
25.02738254294347 84.07824561423958
41.506541564440695 118.17730577237603
21.444453842671564 57.84075800197667
23.927516346354707 130.9366038039884
36.81820756572841 20.097057218626777
17.002984746288675 36.627393138279324
26.081165973470966 41.32955581921628
29.347689619821562 145.2830981639507
6.653884470825144 156.498728094186
22.43466898550517 131.61015199380395
5.812351079854409 25.336029885256
29.72263612963873 151.03214983455172
40.575184311113304 63.538997661951626
34.85752878814842 112.73903480404293
27.788390836223744 90.50012588588163
23.038253443804592 107.45827077047377
8.531050505742371 89.25911117955992
14.259603586466618 74.45652589870076
25.004180798651845 18.89045733587272
44.088446037684704 125.83411266675354
3.884692821971999 50.341161796705144
4.359229277488865 149.16357842124074
15.747195060402568 90.98425086563795
9.5588486980471 126.33490086250815
30.230081528465174 102.42450563264478
13.084695628806003 105.05105485363035
48.647147088216386 45.74589764429323
46.50127844767037 20.682087834140436
46.73046777665501 5.015414316566777
37.55665832218327 54.741305551619774
0.6519216575310764 41.52519491337821
18.679646819599647 70.15581206247053
1.3623314056002975 153.2958797405833
40.92843912738846 130.10285529327265
12.957558404490342 100.35706143399167
41.98352748597732 147.07582234151243
15.506953589149276 110.72964973339595
27.770482589021512 140.65059292228577
44.26136393846357 96.66979764042344
33.81900154940229 46.22022805673023
9.845070658284108 62.98405896247767
17.098437927688906 108.94017392813097
5.935385927004866 21.24552508367498
43.42505435941032 130.7575326830421
23.13570601979108 45.89372581483164
44.28379139273143 65.84936766598148
8.130093474488298 122.37354210599008
29.354392643491508 16.560067539333147
49.19937488629546 21.67113364524632
13.121731388282647 131.88402294527154
28.543472412088846 28.441768575991148
46.61483417699772 56.03485998640796
37.977398181671774 118.26621794572263
39.529565491843854 157.18646877812526
43.637144180395566 48.54317265799516
47.49114223173858 41.40504727340553
13.304293359040756 82.7632758759978
37.47043893222312 66.98905361690227
21.39186297270249 99.61788638706737
20.02541181220412 1.2655551972005825
39.403497995370145 46.380130403103514
28.508280410313382 41.0119309710567
21.94540494162336 144.74810837955673
7.445653635346012 98.87535583529603
2.4129371688861063 78.599371585891
22.135347940204127 152.0233452539015
29.896094168883927 85.40716331935381
21.256357526217343 117.58076924769458
29.82799664362378 93.18016250271799
18.733051723427607 77.61735212985796
6.6797839341246465 43.94894067849829
40.689875202004636 111.20044274943243
24.92325838639529 65.44291030631518
6.658715119865192 135.19631473836614
17.511734649130112 45.95448850875109
2.677128265019739 35.2370453687744
23.336441756862264 2.6350674575384576
22.72253207182397 76.88709732679948
46.331559874862066 135.85336602539775
31.414643380542728 135.50855502734157
19.083344233239444 8.493600803675555
15.81370618858832 43.13208797268893
35.20100826450516 95.75038374579752
13.752563876835872 5.190635434679184
19.316957120958 86.41605549493002
15.855603403092992 99.388687298442
36.92693370204822 151.88237129001845
34.970263864394646 49.772034452608025
35.27476707540082 56.46036308209281
11.694691996498506 49.40320608102876
19.1956648328768 58.914772899663916
25.487987509885595 85.00033766787972
30.18828544078678 1.8600838693042652
26.424059176299966 29.709196128368895
37.79656821905649 92.26967319869553
26.00808747317775 141.0143409259448
1.0878311360057928 1.1104013986694867
22.85409043268396 125.64253018734232
6.740123176203195 33.08283893906749
18.992125015195413 11.311929555210423
17.266647468619134 157.39682636120858
15.630467892268648 25.011564791498756
34.94167863295566 22.269759163098247
43.19786608502199 10.785407282293923
35.5014828767727 86.11159843339807
6.186332039079026 64.0612077555811
41.17668957288747 74.33204941340274
42.85501463475129 36.68806252550015
9.09805627496059 113.9921480879789
5.037138821427593 113.30460087496377
7.871532536049848 125.96285585970452
23.825452009916688 85.7837192578808
23.963801714098985 42.764680856994175
23.31107700140845 117.6561211408956
18.29520032791659 100.51298783459981
40.69605292129223 150.0717817659862
45.5686610696911 2.0200056074761097
25.552054265917793 46.849519679158945
19.170205860084018 33.269982348107426
8.313903691552234 117.22019680826479
41.95685162714835 199.96614647931824
9.981223738918075 8.673630391752877
28.14932636994748 78.42027834155776
26.47900332507717 146.80695099842004
34.38764843450841 3.6803930192254435
43.58461211709225 108.88087547249087
4.660776271045723 89.15910322859499
31.801990136539168 127.5205903677003
46.948935724752346 97.33780660037476
22.45000255981735 154.48997887836347
34.990019376662616 108.16340803043164
29.374915887654623 123.52766771784201
45.12659511405701 158.04460273612148
24.85545213039501 46.493132324137235
42.87492348966147 20.281962219573987
3.9534865492045235 53.74556579596321
11.228991612373754 38.53601070104634
21.530719796919804 131.08718209604555
17.444092199252154 57.016038462217544
25.28138587822141 20.77531554978563
39.69172295083264 57.481949974219866
10.112794329908255 58.98933006743616
37.032836570506625 73.84194620290013
13.766612065526338 28.693782662762104
33.866917162803986 54.95299239666172
13.679242275624084 9.770342278243035
36.45058115175582 113.19276013649879
10.853932816103963 154.97965834096405
19.945178252270352 45.24657126880449
26.692838323747285 24.488395321680184
6.317358176090341 77.95695905190114
10.829035365846138 117.09106583608163
35.57434130442279 34.938747473900705
43.45261744914151 102.8614498953417
26.360680668634394 122.81661453141682
0.7862457984520397 117.3815304723318
14.710954104264452 6.580657820828909
49.47666512458032 54.52482093315988
42.73057343149224 112.59221873762279
49.11430883652841 124.41134638076835
9.378107386109185 83.63496492219697
44.867378603255005 41.498581817571
5.97909879047997 71.06719011697115
12.491903889538975 62.41614372102445
3.4380390052200838 67.25672193649626
16.53564057381316 90.58625865241947
21.531252384984292 51.81341119062959
10.554457108746519 47.65668307906606
5.645828358069636 112.11982532177673
2.830256440086103 29.082809715442632
12.76190087108251 142.60161303567617
42.542401987066114 136.04563466169472
41.771229364898474 88.65925114778362
4.456300229733099 119.96825576635361
35.09790615687564 17.545033603088715
16.654557610257143 14.147375166046738
0.34837374567489476 9.914233622429098
29.99791710061259 9.339027356752593
31.2731635978129 74.83469202366591
10.973815080452582 4.347087904660237
33.593150101734366 124.33534017872162
21.819297184759364 125.60145144602977
42.0368543500596 49.73329465714138
46.28640245152313 71.6647404138543
34.555021022815524 140.34320567211645
6.398034952600721 144.18785934580734
31.090273393746475 134.5632396362097
24.82573407280094 92.38279102913968
33.49072123188475 140.35351701497996
3.6187337918136784 153.78271889072357
4.923939875094945 151.58013508581885
26.462774501148473 18.46508424224883
4.148699481648009 24.557631055134905
47.21501722188057 72.7894496139241
31.795271984481836 130.60285064631896
27.643669312636813 74.513955716796
42.08830424791181 158.18038642397534
20.207256042252048 17.14684676543396
34.88195206047605 67.58632985030145
24.841515039979654 145.83731187687303
48.827156024787456 87.50210161530434
37.64082567093094 87.17061255637746
17.566346181812058 19.87572353665599
1.3974525528843493 41.50632839714622
33.34966601327091 153.72704354729265
30.228024213682403 3.87939818925152
29.131573703394928 61.04146039610443
2.2192487752329733 47.255834627838375
1.383041249595422 80.58652896513885
14.51504608660239 76.48796660354249
28.03957788675279 6.373039469662975
13.320391016809971 7.649183571218703
3.780264060696485 10.004323309293888
29.46468224772914 129.56868672081671
27.419656101727885 104.63952913454425
9.155131419372026 85.82664634189791
12.697385763519826 114.56524360662749
49.4833431782856 52.67070616220814
17.98520331165429 147.12503686950143
24.86537228928377 139.674764049102
11.950878350063483 71.9112283650791
2.2028864361559926 127.51161781050263
11.801614985273488 59.70296581130691
20.171929635418344 89.24122267750575
12.41392508392832 19.148798644248075
35.459338623548234 147.48016017696037
14.52520888418654 47.58889035324249
39.22092407064651 33.01817163553608
30.29506893507383 59.058586652794965
17.328007985379713 38.60921266083808
2.9306187660990375 29.74423650090808
36.36539756543063 32.575746489002874
1.991933127768494 9.769302947382277
26.630245519711362 26.609259878368526
23.43951425064874 40.98720170472045
43.77090355337448 62.94819136622719
29.806956114009147 92.39353627546524
49.402205435883815 114.16226477948294
39.11077286207221 34.21645149105077
28.71693151291502 87.36005897998102
12.12172764248875 87.80280616402202
23.97725280729408 69.68571411986147
22.95421217942762 33.70683787869478
5.473292774571366 10.967021547171008
38.59986960025715 156.96024806433178
4.721910926763659 134.14572735465725
18.134482164830104 58.60364889312718
13.204732816438685 29.708880443913642
26.421629344461643 15.308750352478205
17.252160669914375 106.61757562498263
42.5482774640484 60.16120603744418
6.824052442173496 24.642725459261257
34.96885820510687 99.35007431574184
46.54878291977707 10.859524526701932
26.84995950010449 112.49616749933773
21.91690560207072 92.0757094532467
36.52726721460705 50.65951423259294
45.78208856607954 127.32957884746733
43.63982154871392 49.332103925767285
28.204216999955296 113.47074050320505
13.778417466827946 43.30336215527161
2.750828782061987 103.94924465277333
34.34871191156967 69.57870731032165
39.5337776140935 123.70591199187726
7.488350163280792 12.817920799862012
21.791780981128262 62.196744033781044
42.64044106829708 129.2425730564667
20.086666352988644 122.66196011046974
35.48803770008038 60.68572058105734
1.1319008850951988 139.8964596975272
48.46610814148276 7.784104788333781
35.43959064143948 8.857805665573647
43.85242650451511 12.928728385805734
22.350249893686033 131.15593650147846
11.340819333496782 159.4062570920571
48.449750522774934 148.7671114127738
27.261146349970033 71.04704908832589
45.92685080217601 53.78792302232192
36.27314338680857 117.98036857472853
0.028153179232443648 102.22351745443929
37.76780655748857 38.54486948627786
8.368405152084556 92.39862887421174
10.06540335732069 144.90221301189538
5.125252302124736 70.44020127244565
13.985313159886616 107.88678782474993
47.325467108095864 71.07885746067274
35.65944387711464 139.18959456159973
9.380212714873906 60.25795430956021
43.15797140764795 14.47872504818652
28.098867162736585 0.45732586398487424
27.616646628411083 0.27117491492127016
41.16251970147313 136.2512352315796
42.755676187521885 73.77958226853191
8.138450364588692 135.8454828477492
42.70957661397598 119.38815066124275
15.474710887960583 23.349039787576892
39.22763522179724 69.62863434798699
34.74373932679985 101.79027033652437
40.32634565291822 103.54571070980263
36.0771357753925 140.42557291805554
11.348261580751888 111.73493440606558
17.070602528376924 64.12696138796443
48.09151818865926 120.33496879671245
12.839947028088694 109.38438513438864
31.696949904868532 25.086169141447602
24.047580636211066 40.9232153852319
27.880618105281435 4.0605344090820505
36.69149527020653 142.60583841071465
49.216290540041655 28.031405528017427
2.942260422444221 45.03539347940627
27.117142830328593 42.00364532374272
40.544844096545404 98.27987210202858
30.616139617094294 86.23562091148196
6.412055812654508 2.1243022756763725
40.74006791817891 132.30462300659804
42.41280879948296 59.47998358857377
6.0442187160811365 152.962929471259
4.321200565173228 0.4239440528219055
7.101061186789657 3.5924670748315917
11.012793429335154 32.28005824141777
22.42742002294827 33.841699352596905
0.8398388037030351 79.98318952382331
41.367904671029116 132.86605453189398
15.76687815039027 49.13557416862447
15.775518243529376 65.47593156314186
14.579023009925194 11.336995406075284
9.957890681061926 145.03324123083476
16.89799908270127 21.180688071642496
22.823446873251456 157.14251452079722
24.62016305955406 0.6630427109837906
38.083374447546255 59.44027688220971
9.000879098402713 145.85683115036431
12.134399241816546 142.26089244073898
33.58490213972728 63.40690438937202
8.032462019821594 94.25698083843653
28.29521300900767 95.74765671053899
18.069363596509362 55.24346063481676
0.5767581821385939 132.68515440970407
9.733577242318539 157.12420195974016
20.667446664275644 55.25537984588073
9.683038284971389 148.39168126393872
31.931629079908426 50.784361364732085
42.487195434237016 80.85302609467381
49.695122229045296 34.06908318413997
4.85394985086441 63.083685011664606
7.014441985025371 104.33958349522646
27.46101023883138 101.87828904139647
31.972932777886285 71.46795656652847
47.02198859286851 105.99615779757636
31.21510035359453 103.88801036545222
34.23310112239521 113.53108386058155
13.080884952954278 158.73840112954153
17.933892461600315 43.065820507571246
48.669460896544706 83.99558383776078
26.297973526547064 36.258817543773894
22.202794364918 120.48943864953691
4.865362763526075 150.6118438062476
18.24796864031734 11.452353818914206
27.293931940137874 47.137362566962196
24.8592129526846 28.295768402317105
25.153316681343448 123.57089720556931
38.98769608937502 84.1725060741417
13.681578581396764 33.73267454099106
23.96923782920333 81.7963204669558
23.319841932824552 28.89788695823098
45.09925232084096 32.681465982272435
22.730892602054226 137.4391641719049
5.309234836102771 40.659596177119106
10.894801967837608 142.3847990266836
27.777738355975934 40.77901721473322
23.633626715146328 6.679437175038828
25.926652019783457 88.21553816531122
1.8400521145827007 145.41568584955223
39.89373974230927 99.67554438823367
10.428295815100114 59.38946692277864
30.682696070451115 154.23379039806903
15.629839815560018 150.8053776349448
41.86431010170143 10.184604074661037
48.88368617646138 122.05426804610971
30.253117039923488 113.68766023158287
25.62841933733761 58.11979729067585
41.16541389767381 1.8640322057586383
4.5732377340466215 9.125223348417254
29.458610272244567 123.69100090065838
38.841036785943146 63.227892743943876
40.151577420883136 28.59772688778885
12.40323083618675 82.20049052926142
8.330111806976525 56.430051602848515
43.78341105044631 141.02368559767876
45.04987916220042 27.164070996920845
33.72631821396374 138.6080571146024
35.07860984130527 112.9443402041097
42.02867745454125 150.77907109734605
42.87241550531091 130.95095502293694
10.217633525341135 31.88735357026198
22.76439493455488 67.23290281099388
41.38088395935546 114.81944350696715
43.35820992692035 145.42882609643277
9.675029542666536 114.23492200936336
44.8399000328444 151.28958845611635
46.173803481976435 99.6004374224525
12.601606062428694 90.86032665746474
15.208346334800844 91.29254411703182
47.47251717355431 100.60276751373901
23.544532861446683 45.79818855041845
29.40157766550895 82.87479627864009
29.50198199811816 40.83649249763909
33.75028232608399 155.59843259690828
23.977289856890337 26.72848138557026
38.809934426065034 102.46706393026832
29.48139584871547 92.54980276510769
5.935316616437195 101.16771390200321
36.25942795118502 157.7939478432259
26.12158781460699 140.17262949497044
34.05771847317234 31.70983180038781
38.26998495437005 140.83630585066086
8.987822149106819 118.30043002132663
49.08203950675741 151.55414706964916
40.18915877286284 115.08075660050132
29.713559028403093 69.80065055296494
20.81661410125183 124.21844127744812
11.814615533014162 69.71928105334645
39.63844844265947 136.42668831066626
8.824641626391958 70.11138800324203
15.491558906628477 44.379257999660496
2.212090983516532 36.71189824978514
46.4646975592254 11.548369304469285
40.67773858065922 10.417472828886696
10.284947175356386 133.04376738672187
11.073149321972764 148.85063210420319
44.153238095217986 83.93073214712562
8.413250654756297 42.664817583819115
16.974651091788736 15.423956590882028
47.87059528135297 105.6690697536824
33.95537376588795 148.39667295786523
22.80543065352319 23.227361412287543
39.88349566998749 0.5670769671088363
24.137609928834642 18.428216035132202
2.856564023505463 154.16933799378026
22.655856880414163 129.82139527907546
4.157856674189862 146.83975816879695
0.5283044769846548 128.54023744064568
45.92971351441567 124.98042802032079
8.448399955102452 34.227904500575285
23.642297166588882 46.50396495412979
45.29248333619576 20.7539570332223
14.188088904313013 119.96477425320188
6.432026701295058 32.28098530260918
27.959484284846585 76.2442657037858
23.597480522889015 61.476961417831944
22.708141849998036 90.74141303364955
33.45276294234348 18.923092961645118
15.594449645508 11.280836896148557
34.77231251017624 70.96633422627626
4.5323130635205615 99.10241330122345
48.315904001835875 94.3814197507228
37.33956160142972 114.95350919529092
25.015992386923877 76.37493015309927
46.615883754933556 13.69995799865961
25.475284641092156 90.78443024531684
4.154717161168556 6.472961311252788
0.9953177785317102 18.712264927902524
19.040748906219235 84.22269059422796
43.84954194112309 45.56517286546619
44.61084369575508 120.96695762382902
25.869695027146296 41.146237290834385
12.651650506861913 0.06156790713254545
49.17805170514539 157.1096678270843
23.972884406052728 101.46647067629267
7.846762654846124 27.06324997183612
27.148373818130253 51.488795832675066
36.81910195063759 111.62770437945554
34.297124806032485 17.31788719911392
46.26804364048867 91.85812692639159
17.167465165066176 131.78115835579976
35.948550222389564 67.90946500154219
34.065648621166574 147.521151707094
26.215611224252825 144.55253411048307
42.31799392065125 155.59049916924462
9.286729606215935 71.56089769659816
37.308661008195784 26.303623810838864
33.757705256619644 25.921083323338372
35.09332100247959 135.31301334122656
2.4557313953759774 137.5667020516533
46.65339545224254 129.19803524308028
28.35103765729982 7.158033617493207
14.148283226254833 83.87863893314355
29.694856340407046 134.07604265187967
30.661386960857378 49.78629800672164
6.090660757484603 7.3586511390478195
4.244708278086716 57.27634135094799
37.058010433322494 117.50578848112768
27.842845334516984 51.475128568123644
10.150655059309976 78.04582834271186
45.442276008905175 123.70532040649347
48.52781808462426 80.94704128714181
1.1879317459240681 4.1684018933187925
41.087995523993875 125.36472293868896
45.624549686456646 158.79447976925675
33.596118133392274 45.38673479619674
31.117932166475832 116.75182381735368
3.8211037462094914 100.84049710580146
46.1844359408866 118.456314409614
22.750546961977847 124.97363032516886
15.19324051750899 85.25570294787337
28.338394251703896 37.54665884808809
33.479173499285864 28.72022350697551
3.1302472289774066 100.28385335141606
20.161890465027447 73.06810994155607
13.676018715507269 86.16969529288062
22.36755833657545 5.29435023948736
44.15057829425871 74.96269457913415
3.211045492162622 128.08835279731744
2.6945082316409064 4.2041010326415185
38.80285611007099 122.93191528916655
31.96987260976712 59.71919690802466
49.77875363863623 75.06063840097626
37.76547028267802 119.75327498998882
47.101010125486695 147.10695118407418
18.831792948667015 64.66398774426753
0.8599011819473255 103.53481557434549
36.905614779802214 125.59124037780747
3.380769410049286 88.54778202521449
28.762109224918333 39.24305948708591
1.3388497286190386 55.752935013380814
22.12592479299289 17.986159700939147
38.373752962524144 24.55774414073724
1.7010609589993528 47.66567890171046
29.056890672564762 74.7626344118428
8.52647246738757 134.28225174371806
34.500965265861595 25.95276716864466
1.1761502819727063 95.32899529410035
12.854395025922159 87.67005071657519
0.6382733241532073 135.05347514825226
1.890223088627426 12.763500615384137
1.1340610609072677 8.820972976498703
30.52524764978554 31.665190789225644
14.215060329629672 115.62353610930771
45.180738683475504 74.36658438065818
29.096937852905803 77.04443483660974
48.06114805208121 35.207234870466735
45.98371211722653 98.8308820271312
40.85470980300373 146.71923380887512
10.095073124554354 48.02144084609926
47.10258993286348 80.1592447043558
40.21421223931692 120.40533116213415
19.701583119802628 155.20720428373744
26.997670870942468 155.55814728102595
46.9238248600188 9.759926069636636
49.33129372953637 77.18612912325104
2.463448614588266 64.86131996025154
24.673243260364117 99.91424534983189
15.78331864108857 9.214454326237881
48.93389418094909 12.654694208107415
21.833183268271497 149.8818011141148
49.97774718285278 23.383539651253514
23.169732569105193 122.69344921298766
39.784213378360235 60.886253017151624
41.930025788997256 86.98311544178864
35.12943636156953 56.556825477586614
27.20620036158279 56.36858875323745
26.64898821808081 73.96972144815791
35.96408920474034 135.35893487141277
8.95948754676526 54.1193346328004
2.309961972417689 44.8446484320254
34.86867990590457 37.03646165823649
14.774992433856127 100.91774886766495
6.572924616948903 31.936539340263458
44.92827421441632 36.86762820273616
17.787733540012255 94.61350804196054
12.314965518660486 72.12663266147163
21.324851160777115 130.11529940193932
11.258820986784663 76.71802928961772
27.120524821975017 114.38415897185585
5.9592572629440355 11.893770165409245
44.19596487616058 109.24902194278964
47.487573891296606 46.64957869218306
13.248924162841618 41.29807660375937
1.8733876729018633 155.13561429697344
34.043199214537395 142.37776879154836
2.3606426014655995 31.505063011106554
23.64496091187266 44.47239657391875
16.030958836846295 102.52157002758557
40.69872426419786 40.241604265468666
41.26522580052574 71.86737357899787
35.17964479804569 84.0812235107631
12.629862774698637 147.78226741723944
40.68065092318936 84.64620038156653
40.6584088620621 7.577284900540524
39.71224552035146 44.334047393973904
30.72236558335448 157.73529219054524
7.460827650865163 7.707789293705677
3.808004491082052 73.49693340924065
23.008408453222074 52.72826080227395
