   72.665405809879331        514.05642092227936     
   83.096417969465250        243.85103178024292     
   109.80223740935325        7.0548310279846191     
   35.759566378593448        43.570180296897888     
   23.124267870187765        411.65896379947662     
   11.822076684236521        271.01782929897308     
   113.44517955183983        109.27549755573273     
   144.51581421494484        358.75113987922668     
   33.038224411010745        137.66131412982941     
   24.755312907695767        454.89791738986969     
   60.843302321434038        432.02676892280579     
   47.041457843780520        112.02796959877014     
   33.436945950984949        58.754759311676025     
   127.88889548182487        587.59972965717316     
   138.35888746380806        110.11262452602386     
   146.84105252027513        463.40794277191162     
   132.90404335260391        406.15437853336334     
   92.644300496578211        335.50484514236450     
   51.515911215543753        304.28130090236664     
   66.092593890428560        421.30917549133301     
   16.995539146661756        543.84468531608582     
   7.0367570340633421        415.11662471294403     
   25.450158411264425        294.31080651283264     
   21.991280770301813        576.06104850769043     
   139.93710140585898        511.92241096496582     
   35.871241647005078        379.22877979278564     
   86.650673919916159        133.61472201347351     
   29.530616718530652        451.08968937397003     
   104.78820638060570        2.1699995994567871     
   59.652033936977404        468.22639250755310     
   47.069923913478860        199.96336758136749     
   40.110166436433801        381.27789294719696     
   101.93617602586747        437.86936259269714     
   121.43739941120148        1.2619339227676392     
   112.51102607250213        260.79594564437866     
   63.863689911365526        570.64674234390259     
   14.662089818716055        345.54376649856567     
   86.805789875984189        138.84900820255280     
   70.426003515720396        413.56964421272278     
   51.515580630302438        327.95024967193604     
   28.294638913869861        187.77037823200226     
   43.973814433813104        42.149647951126099     
   125.21992893815040        509.41824233531952     
   37.457568329572680        169.76730430126190     
   115.96091536879538        33.545360565185547     
   23.841566365957263        90.576671719551086     
   129.16577650904657        570.37253212928772     
   140.41683419942856        224.56424355506897     
   144.99224115610122        132.13390791416168     
   8.8462376892566681        357.34237682819366     
   59.840690892934816        313.18452119827271     
   94.752210277318952        413.96893906593323     
   46.590316206216812        80.252452611923218     
   118.95982385277748        298.26058900356293     
   71.583954268693930        315.79328584671021     
   137.99570830464364        109.53955316543579     
   71.851245838403713        263.07796883583069     
   90.438617897033694        533.31923997402191     
   63.700237846374534        151.02061188220978     
   30.459838223457339        258.54510390758514     
   103.76466979980469        291.37268102169037     
   2.1542899966239872        416.85639917850494     
   112.22429251670837        41.447975516319275     
   22.135960954427716        44.006864190101624     
   128.78689008355141        586.32423233985901     
   136.56145976781846        253.07991707324982     
   80.083267515897745        161.11009097099304     
   76.502019727230078        419.34442090988159     
   139.23403594493865        498.58514475822449     
   22.319953978061676        353.22445130348206     
   54.373498976230650        582.39816784858704     
   121.28777831792831        1.1721212863922119     
   16.699513465166092        145.41505467891693     
   62.454941111803066        36.472757339477539     
   53.889727681875257        220.74991559982300     
   50.445833593606949        33.036087393760681     
   73.118557763099687        129.01389658451080     
   135.84983482956886        275.74779403209686     
   86.978257089853287        340.77260923385620     
   142.49644767045976        471.31873881816864     
   74.397797560691856        363.65979695320129     
   26.837213671207422        540.79597151279449     
   111.91230939626693        341.59032404422760     
   110.37926948070526        274.73391234874725     
   134.58248716592789        202.04592275619507     
   123.74911946058273        543.42149305343628     
   65.586843144893663        586.04916095733643     
   81.631362462043768        535.18811786174774     
   136.05762999057771        375.06668353080750     
   97.571530562639239        321.73085916042328     
   139.76880671381952        430.35082852840424     
   23.396428871154782        114.35233354568481     
   132.59023754596711        431.76615798473358     
   85.117196202278137        108.20165705680847     
   105.50738117098808        305.94658434391022     
   142.05241808295250        62.392511963844299     
   62.733320689201378        164.85150671005249     
   30.288362765312201        433.79754543304443     
   102.24431720972061        421.11745798587799     
   103.61913188099861        589.27168715000153     
   42.057143747806549        583.27393972873688     
   101.89370922446251        173.93887341022491     
   63.512876427173637        493.90164721012115     
   103.44508321881294        1.3900685310363770     
   147.46488474011420        307.71334207057953     
   128.52317240834236        259.81755125522614     
   84.113762778043750        360.29234337806702     
   87.532139259576795        237.58933639526367     
   104.41585124731064        519.40567302703857     
   96.741037893295285        548.53413927555084     
   6.8661750495433864        503.87293100357056     
   88.537967193126676        194.59097158908844     
   41.876188534498212        262.11597251892090     
   121.87456712126732        373.39321899414062     
   17.488370263576513        306.35818672180176     
   106.43342190980911        458.60183644294739     
   6.1988217294216099        51.867891907691956     
   67.410431748628639        460.42130482196808     
   86.490992313623423        274.14871287345886     
   22.828653186559677        178.37327814102173     
   32.286428898572922        250.34100842475891     
   109.57900302410125        376.99322378635406     
   121.35053590536117        316.91840171813965     
   87.052513682842260        381.02327430248260     
   41.258932280540463        117.93906199932098     
   138.94163776636123        260.95041763782501     
   12.157987028360367        89.337128162384033     
   149.94539089202880        38.948507428169250     
   99.307469403743738        119.08524060249329     
   115.36520969867706        178.77393651008606     
   65.356005299091350        249.94601941108704     
   126.20518017411231        266.95476734638214     
   115.05604995489119        115.69051671028137     
   78.625940555334097        185.96239209175110     
   5.5380086362361851        112.29292225837708     
   146.12191346883773        335.66175711154938     
   104.25142529606819        178.69675433635712     
   127.72558637261390        571.08633267879486     
   44.492020201683047        68.505727648735046     
   1.5202096343040523        245.65342032909393     
   50.979639410972595        529.37677741050720     
   84.626679182052612        297.88745212554932     
   1.7736612975597410        443.19489669799805     
   56.790577435493475        407.09922325611115     
   30.451886308193210        588.46785867214203     
   127.47094638943672        426.90508043766022     
   14.477837687730784        259.36515104770660     
   71.788568663597118        213.37566304206848     
   56.852316462993628        349.19597959518433     
   83.214847898483271        381.99255466461182     
   109.81410273909569        219.41639709472656     
   15.867215979099271        417.28838253021240     
   80.436305749416348        512.26250052452087     
   17.860055291652685        179.59498834609985     
   87.809491342306131        387.40739905834198     
   11.919206202030182        268.10916292667389     
   123.52355310916900        286.73539948463440     
   10.744216907024381        600.73315024375916     
   46.858331489562985        408.83200073242188     
   74.555558198690420        502.65803837776184     
   21.939021497964859        554.24974656105042     
   134.51212611794472        344.48273587226868     
   149.93492831587793        518.58422648906708     
   59.098500221967726        38.090748310089111     
   79.266829186677938        454.93749523162842     
   113.37327279448509        57.056859135627747     
   72.103071379661571        139.33273339271545     
   11.840044438838959        386.00161421298981     
   132.00735322237014        111.59566330909729     
   119.02337663173675        223.41121149063110     
   48.127626925706863        150.77905428409576     
   40.516670131683355        590.92272543907166     
   72.382219344377546        301.49301862716675     
   146.81903733015059        556.26606357097626     
   66.137213963270199        78.556669473648071     
   129.27638854384423        577.76440274715424     
   137.05480016469954        565.01624715328217     
   42.042097651958471        269.26660847663879     
   19.726879084110266        383.83369576931000     
   56.535410302877438        73.353421211242676     
   28.344039070606229        493.01503896713257     
   72.751179277896910        144.68503546714783     
   119.33926423192024        42.035040855407715     
   2.3665346562862339        216.74064075946808     
   81.251287716627118        135.47039532661438     
   23.391791743040088        400.42294728755951     
   127.44137241244316        265.08000481128693     
   24.883535307645801        58.034356474876404     
   94.059803956747061        439.06387424468994     
   48.563785010576254        109.35379207134247     
   18.975253331661222        195.22267413139343     
   142.64026118516921        230.17848420143127     
   45.854504936933523        486.01327741146088     
   6.6478726387023954        336.82781434059143     
   45.526859223842621        203.62548410892487     
   107.94579578042030        126.42142236232758     
   80.841308408975607        296.32737469673157     
   103.90713416934014        553.07263767719269     
   1.3510661423206329        221.08408463001251     
   12.930350303649902        370.83558619022369     
   37.741273009777075        550.93830478191376     
  0.63674291372299763        407.11476016044617     
   132.40513661503792        209.06261122226715     
   74.133338302373915        110.38769590854645     
   138.08994296789169        431.44971466064453     
   98.780123400688169        19.002495169639587     
   42.862878262996674        477.22315716743469     
   124.34321687817572        549.30872392654419     
   148.59246632456779        468.76272070407867     
   60.566245085001015        432.15357589721680     
   25.281720763444895        405.73003804683685     
   140.10100020766259        228.96746683120728     
   29.057236522436142        437.24311411380768     
   105.21490257978439        447.13660573959351     
   127.51354721188545        531.98152327537537     
   69.725725692510622        27.268666505813599     
   38.449708247184759        380.77256679534912     
   23.755015575885778        116.60016119480133     
   137.33753989338874        424.51422715187073     
   60.930281978845613        317.94128978252411     
   143.88017920851706        483.10536456108093     
   59.472311717271822        509.59255707263947     
   21.976279348134995        456.80734193325043     
   82.503437393903738        350.36207270622253     
   43.430904120206833        39.932894110679626     
   98.299470329284674        499.75098669528961     
   57.980961281061184        485.91546308994293     
   106.25873888134956        406.21598792076111     
   68.377393579483055        333.88247656822205     
   122.28426945209503        346.36245012283325     
   100.31349390149117        278.77878212928772     
   144.18187844753265        76.272995710372925     
   133.09511268734931        493.71233379840851     
   149.45487387180327        417.98223268985748     
   110.91148491501808        276.05451333522797     
   111.51250675320625        265.93998861312866     
   26.367854106426236        492.37770295143127     
   49.620764309167868        261.76544129848480     
   141.70163140296935        415.44426321983337     
   63.133221614360821        51.975502014160156     
   92.584732609987256        431.11238801479340     
   81.046539300680166        311.29544174671173     
   78.369879949092862        421.83477497100830     
   24.207443815469745        115.53443002700806     
   8.0460248410701780        566.43627715110779     
   62.568331849575060        135.98849546909332     
   81.488969570398325        593.40583133697510     
   120.69691527485847        289.51718711853027     
   100.83182475566863        193.57242524623871     
   55.322135663032554        171.49861061573029     
   133.63175975084306        571.77103292942047     
   79.031640124320987        418.70252788066864     
   123.19542492032051        279.18744218349457     
   89.579534071683881        597.30218553543091     
   102.53376692533493        508.48462867736816     
   119.31457755565643        4.9592148065567017     
   83.613971501588821        328.55719363689423     
   107.98912031650542        368.59504258632660     
   25.242202425003057        384.72220575809479     
   133.57526541352271        49.601979732513428     
   133.92507820725442        145.77907752990723     
   124.21788039803505        226.66735911369324     
   42.340187257528314        192.11105918884277     
   69.368273699283606        296.16386044025421     
   107.19763670563697        367.62131285667419     
   32.385586601495746        409.91104412078857     
   46.479659497737885        239.53754937648773     
   88.324123215675357        14.172563195228577     
   54.518465071916609        392.08831310272217     
   37.874284428358081        169.98858857154846     
   40.099266058206567        499.15355145931244     
   100.18738009929658        172.74489998817444     
   105.51105334758759        321.34932589530945     
   77.499270313978201        437.89652526378632     
   16.351675248146051        503.56319761276245     
   115.63945249319076        430.54961478710175     
   75.612218278646466        184.49266552925110     
   89.851310878992081        225.60080265998840     
   138.22936952710151        109.59725141525269     
   5.9739433526992798        285.54487073421478     
   28.173742997646329        114.94879996776581     
   39.630388969182974        350.79337430000305     
   26.887060564756396        451.44743287563324     
   134.31537429094314        564.48942768573761     
   51.189105367660531        202.40750563144684     
   67.882257300615322        38.772542119026184     
   7.6058103859424619        228.21337080001831     
   71.494026148319250        241.31593286991119     
   121.61169824600219        350.69003415107727     
   137.85641576647760        518.12131285667419     
   124.06397956609726        272.02532398700714     
   129.97110896110536        247.45577299594879     
   90.420775228738790        45.969501733779907     
   101.17199696898460        54.726897597312927     
   111.57075229883193        558.37976431846619     
   66.816468352079397        164.12791037559509     
   7.6757246971130400        13.193199992179871     
   81.663259470462805        560.64542531967163     
   57.732807916402834        230.42266118526459     
   132.50006818771362        300.03972601890564     
   123.76565765738488        395.80845081806183     
   18.314922714233404        256.44313657283783     
   60.558078736066847        383.75985062122345     
   110.47814127206803        466.45715892314911     
   87.879477131366727        25.051230907440186     
   77.405544930696493        67.668241858482361     
   112.64175913333892        450.34061682224274     
   10.447798097133642        79.012227296829224     
   100.82667834758759        534.02941644191742     
   20.405239999294281        95.152128577232361     
   95.724381059408188        177.25759923458099     
   41.324513244628903        96.093277454376221     
   15.542724227905268        468.57222318649292     
   75.271751219034201        598.41919207572937     
   99.225671893358225        113.68345725536346     
   127.52347370386124        475.69953584671021     
   88.467293429374692        273.22525382041931     
   116.05392597317694        386.26017987728119     
   66.972924518585216        534.37327361106873     
   131.42705103754997        210.68501567840576     
   148.82057907581330        341.21062076091766     
   14.771745836734766        79.288375139236450     
   46.890844994783407        458.61443102359772     
   143.68768031597136        122.79149198532104     
   128.65836390256882        318.77640736103058     
   99.790007704496389        501.72040593624115     
   15.857897049188608        492.68083405494690     
   25.439115077257156        553.10241973400116     
   47.863105124235162        437.47387123107910     
   101.83025472760201        416.53608059883118     
   58.160987281799322        83.204069733619690     
   48.833703392744070        44.000836014747620     
   47.953068983554843        455.89741039276123     
   146.97743233442307        305.11394262313843     
   40.227122133970269        349.37531781196594     
   33.427966541051859        60.709646344184875     
  0.60571257472038553        306.38789701461792     
   52.116584599018097        292.04582726955414     
   77.892434448003769        538.71108400821686     
   125.60639201998711        345.99860668182373     
   16.591412091255194        150.52081155776978     
   50.395388072729119        240.09084975719452     
   100.50219553112984        105.45768904685974     
   81.601511508226395        491.21544921398163     
   84.495472580194473        379.22791862487793     
   105.62207638025284        168.21677148342133     
   61.750472897291189        89.032490015029907     
   38.753149759769443        540.00093412399292     
   74.658111101388954        450.86345338821411     
   56.088941532373440        341.30150985717773     
   66.557950693368923        87.216394543647766     
   79.825107246637344        413.11455285549164     
   99.205765300989157        128.77721893787384     
   79.631545120477682        253.84431123733521     
   86.047784721851343        205.61309552192688     
   111.65799999833106        312.21262145042419     
   101.24632503986359        273.40426909923553     
   64.910394263267534        545.68919932842255     
   45.483186233043668        327.56333410739899     
   78.837014764547348        466.46250534057617     
   101.91788662075996        456.49061155319214     
   52.057660013437271        441.11729323863983     
   39.992728263139725        39.479776263237000     
   130.67988371849060        205.90829670429230     
   41.306232774257666        358.59835433959961     
   83.155762487649923        73.161811351776123     
   41.891520541906360        343.31226515769958     
   102.25729044675828        343.15614259243011     
   7.6688002765178709        518.65699517726898     
   110.45589377880097        24.583186149597168     
   12.405881285667419        589.65942800045013     
   63.743553447723400        496.48253154754639     
   137.81779983639717        509.99913597106934     
   128.70902385711670        514.11358094215393     
   44.544949579238889        247.61124968528748     
   6.1328833758830967        431.60095727443695     
   69.381613260507606        263.03153753280640     
   76.346162188053128        320.81289005279541     
   105.32743558287621        302.32113921642303     
   2.2626504778861971        545.00561141967773     
   142.14772491455079        26.572735190391541     
   71.408484983444225        212.97399997711182     
   9.6407501757144871        115.73095571994781     
   128.75807555913926        530.37483513355255     
   147.65858088731767        526.71523034572601     
   100.73472204208375        146.97703385353088     
   72.150997304916388        180.83087193965912     
   110.58539384603500        21.681409120559692     
   87.930592757463458        170.42426776885986     
   49.420081198215485        45.085728168487549     
   110.00798651576042        422.28821575641632     
   58.841572946310066        221.86803448200226     
   112.97265709042549        178.09935498237610     
   89.651601654291156        33.504347443580627     
  0.72055967450141623        289.39719772338867     
   137.23939181566237        446.70838999748230     
   70.250972032547025        177.24590170383453     
   143.42576745748519        592.11817002296448     
   103.63721578717232        590.82315289974213     
   15.256035345792768        552.68658328056335     
   117.02551599740983        74.335870265960693     
   2.0887269020080623        135.96219396591187     
   32.080465358495715        186.04330599308014     
   99.639484202861780        385.96343576908112     
   130.60139206051826        89.085810661315918     
   116.46284204721451        13.459444403648376     
   62.152250117063545        1.3269879817962646     
   52.286827063560494        393.57874357700348     
   60.831392318010359        496.63194417953491     
   11.259000670909884        164.60352623462677     
   149.91474474668502        98.914284110069275     
   135.77950058579444        323.87958073616028     
   37.436330461502081        57.815906882286072     
   104.36167994141579        393.36212396621704     
   73.657250881195097        489.02212631702423     
   41.145264565944672        29.855004906654358     
   49.634934800863263        440.09662985801697     
   1.3239492177963257        217.93238949775696     
   128.80977194309236        494.11177217960358     
   147.69535626173018        442.76578390598297     
   10.346513926982880        18.663482069969177     
   45.826860862970349        88.973320603370667     
   27.258021879196164        347.69062221050262     
   146.96339586377144        298.09926354885101     
   103.94723326563835        594.60981583595276     
   76.750485807657242        180.11018204689026     
   57.065963876247423        291.66856396198273     
   115.36864957213402        350.50484716892242     
   116.16486859321594        228.82415413856506     
   55.845192992687231        146.97355329990387     
   131.20434380173683        134.07580566406250     
   102.37347775697708        360.05290281772614     
   68.279316979646694        224.49940478801727     
   29.230409580469129        517.72714912891388     
   68.000821250677120        283.94177079200745     
   42.347746044397354        68.487571358680725     
   142.72022707462310        431.38121592998505     
   3.6757683634757967        187.05266654491425     
   144.79495324492456        337.64057743549347     
   30.088975191116333        537.67897427082062     
   126.93468351960182        431.54379725456238     
   117.36274868249893        587.80414938926697     
   45.570317780971536        19.197944402694702     
  0.65228935480118366        373.46946823596954     
   108.47813630104065        509.40729832649231     
   59.656009894609468        224.23929619789124     
   114.86663354635238        60.241242766380310     
   5.5084525287151394        347.22447919845581     
   61.795682662725454        34.009637713432312     
   43.539345014095304        195.96532380580902     
   5.5944582998752566        163.89769148826599     
   78.970231682062149        340.71333217620850     
   20.389470189809799        294.48612594604492     
   125.05493116378784        201.08173763751984     
   88.460163509845728        119.77439022064209     
   128.40169573426246        106.07005119323730     
   78.371640092134470        390.61058485507965     
   15.824963611364367        45.821488499641418     
   20.421125960350039        410.34467804431915     
   148.17734060883521        447.38300740718842     
   47.040805608034134        329.41516804695129     
   144.79301440715790        224.49438130855560     
   1.7315340161323576        467.70886647701263     
   12.932807356119156        56.597497820854187     
   1.1704504489898682        317.89270555973053     
   25.698070538043979        30.579067707061768     
   29.540802317857739        213.68719053268433     
   120.59324553012848        365.69283497333527     
   71.319923877716093        241.14743101596832     
   113.43464549779893        500.16847372055054     
   59.195325958728802        313.76222133636475     
   126.09127122163773        221.29234373569489     
   148.61328426003456        328.94253039360046     
   5.7138174414634761        136.50476562976837     
   111.59515306353569        18.932955861091614     
   118.60319385528564        248.88279998302460     
   93.054672932624811        257.75544881820679     
   12.242688328027725        371.93328821659088     
   57.509895181655907        535.00802612304688     
   67.466935020685213        95.871383190155029     
   61.851256722211843        242.62903451919556     
   34.001067328453061        331.14417791366577     
   120.76238008737565        468.08892858028412     
   76.718097388744354        346.29527902603149     
   45.352864170074469        431.06538259983063     
   67.898134326934837        524.10854685306549     
   30.233557093143460        294.29903721809387     
   43.952129828929898        428.85444164276123     
   104.18355703949928        160.80624222755432     
   111.64122949838638        373.09489607810974     
   119.78457148671150        555.24026906490326     
   124.92895138263702        166.22625362873077     
   79.200917637348169        197.97008681297302     
   128.53494839072226        313.01228761672974     
   92.964298075437540        75.064274787902832     
   109.91448450088501        504.19045078754425     
   64.120590382814413        25.682646393775940     
   37.156431978940958        221.99541556835175     
   58.566150766611116        582.61155807971954     
   117.69150230288506        437.59192299842834     
   42.868801993131640        194.85143899917603     
   34.131657433509830        404.04857182502747     
   21.247517585754395        20.452737808227539     
   84.952386057376856        373.03307139873505     
   107.55021926760674        227.59365284442902     
   71.500602114200603        426.12342703342438     
   127.39681488275528        532.40076851844788     
   106.03607631921768        274.22169685363770     
   149.18293623924257        532.37500524520874     
   72.720140004158026        4.5241814851760864     
   40.057406818866738        43.322379231452942     
   108.36361085176468        45.738098740577698     
   52.832560753822335        26.213628172874451     
   78.270597159862518        341.06960451602936     
   140.64197168350219        440.03189873695374     
   79.810981428623194        172.09726583957672     
   22.401903378963468        505.81385993957520     
   121.86333615779876        520.75781428813934     
   103.94168479442597        183.92572999000549     
   16.108444923162466        504.92384290695190     
   76.928483623266217        253.06427252292633     
   46.844357562065127        581.51547074317932     
   63.428961384296429        365.89650118350983     
   104.66709603071213        108.47084379196167     
   44.510220259428024        522.52988255023956     
   110.13712919354438        117.18607831001282     
   35.759923768043521        564.23534727096558     
   95.306601727008825        371.51816940307617     
   94.850072443485260        59.852999567985535     
   116.05416721105576        530.86982727050781     
   34.642152523994440        229.54387521743774     
   36.533091169595721        448.54626584053040     
   23.380685865879059        177.66880691051483     
   80.260077011585238        249.13623452186584     
   68.883072847127920        295.68128347396851     
   48.595315694808960        308.61351370811462     
   10.813952523469922        215.97481131553650     
   90.690023505687719        147.63188028335571     
   115.80212723612786        79.600799679756165     
   140.47727769017220        543.52874433994293     
   40.138721853494644        265.03970932960510     
   62.655079203844082        166.42755162715912     
   19.714030933380130        72.477864623069763     
   128.52835455536842        203.58780801296234     
   52.442246800661096        91.073888540267944     
   101.75606961250305        509.33725666999817     
   103.62020404934883        313.69985842704773     
   130.92438277602196        295.37926471233368     
   133.26078950166703        493.00219321250916     
   11.307435876131052        170.34066271781921     
   93.974807810783389        203.52781331539154     
   138.97222136855126        596.59864723682404     
   36.646606993675235        519.99883830547333     
   142.63508797287940        400.82952618598938     
   19.094022780656815        272.50330805778503     
   95.414944338798520        336.66813945770264     
   20.853531455993647        501.97025227546692     
   90.711725980043411        285.40514624118805     
   47.720479929447180        456.22562301158905     
   4.4462464094162044        416.78894102573395     
   123.41404898166655        311.74809312820435     
   15.486292433738711        297.92889583110809     
   63.556317114830023        259.57552719116211     
   131.27299831509589        254.32706761360168     
   103.19839515089988        395.52071309089661     
   42.294334191083905        217.13430213928223     
   127.02536215782166        21.276947259902954     
   93.210307103395465        124.79212856292725     
   15.540874737501142        140.37277305126190     
   114.58234810829163        448.62926089763641     
   94.393614637851712        10.892123460769653     
   143.48387898206710        151.53810203075409     
   47.412508505582807        23.642216682434082     
   38.963178604841232        325.44360518455505     
   39.563021057844168        358.52002394199371     
   55.276202183961885        22.671788096427917     
   26.647037810087198        143.06069338321686     
   118.05199210643768        454.12365567684174     
   81.521197164058691        43.386213302612305     
   57.958249181509046        190.61366760730743     
   54.188853716850303        122.18813621997833     
   96.035032904148096        217.07341039180756     
   144.00581053495407        402.78566908836365     
   122.70027077198029        18.030487775802612     
   12.927955794334409        209.38963973522186     
   42.676276296377182        82.416818737983704     
   122.11059604883194        521.82472956180573     
   118.58557455539703        287.67199134826660     
   45.124313616752630        94.176999449729919     
   12.387413185834887        36.976827621459961     
   90.590258240699768        98.179779648780823     
   95.278939783573151        41.315893888473511     
   62.818754637241369        592.73523271083832     
   26.905394643545151        168.78481936454773     
   91.954395902156833        550.06163585186005     
   43.504794389009476        350.62555420398712     
   48.625872492790222        387.52222144603729     
   122.10509225130082        569.80660128593445     
   123.81223443746566        479.25407814979553     
   57.928978985548042        189.19134116172791     
   63.790380400419252        460.31269001960754     
   24.238170373439786        24.769593119621277     
   7.2269239604473086        76.794145822525024     
   63.953358924388908        571.47127473354340     
   51.418879979848867        389.53351497650146     
   9.2347914993762998        462.25674068927765     
   83.463814324140543        208.90182399749756     
   30.751325058937070        409.06519782543182     
   126.43127367496490        565.62900400161743     
   34.182924950122839        531.39804613590240     
   19.002790188789362        247.48795914649963     
   16.487644064426419        220.54667997360229     
   96.066965651512149        137.60526645183563     
   100.40130448937416        298.79691720008850     
   41.781721568107614        128.52977669239044     
   6.7414550662040682        84.684489130973816     
   90.069952809810644        181.25266480445862     
   58.643900841474562        300.56798076629639     
   92.323498791456217        48.581388115882874     
   71.217442452907591        559.71095049381256     
   118.57305698990822        142.68687474727631     
   121.61292230486870        320.69799590110779     
   105.09211249947548        406.50207507610321     
   103.24734857082368        596.38823521137238     
   23.653025561571127        312.31481337547302     
   32.784665530920023        84.296999454498291     
   122.42173930406571        19.004791617393494     
   1.8114194929599705        198.73383510112762     
   47.435327821969992        506.51201593875885     
   42.859340107440957        582.12316823005676     
   113.54045957922935        568.70534694194794     
   146.65478113889694        254.65563905239105     
   9.9804577827453613        125.83582818508148     
   121.87490664124488        132.82926511764526     
   102.97424048781394        112.09539186954498     
   85.417859011888510        447.50066447257996     
   105.07080315351486        167.23155951499939     
   87.273639470338821        127.87801611423492     
   69.391834598779695        561.61693036556244     
   94.855906826257709        521.42238473892212     
   104.50359035730362        528.06532633304596     
   92.435853099822992        565.43133008480072     
   13.007662576436999        108.74566400051117     
   146.13016916513442        17.210332989692688     
   86.235619682073590        306.80165231227875     
   37.188900810480121        67.962797164916992     
   70.092523419857031        249.65774345397949     
   99.470394319295877        71.357951641082764     
   119.71659601330757        226.98068070411682     
   115.72598541378974        143.76455461978912     
   18.454045492410657        46.399798631668091     
   138.54955473542213        258.81945765018463     
   90.597093313932419        35.904924750328064     
   10.424514174461365        388.28622090816498     
   78.723918873071668        318.13577020168304     
   43.064526325464257        556.56854879856110     
   3.8948570311069517        381.39838469028473     
   43.823273062705994        203.95771551132202     
   131.75824384093283        542.46742665767670     
   63.947560280561476        382.72899675369263     
   55.028397274017351        437.08591508865356     
   17.832616716623306        515.58068811893463     
   48.657135134935388        543.31757879257202     
   63.594379091262823        161.16351926326752     
   145.28547919988631        119.73036301136017     
   96.461032193899158        457.44571852684021     
   26.283599543571469        588.12091565132141     
   41.545960682630536        483.11110568046570     
   57.791124939918546        431.64096570014954     
   67.776738065481197        441.78817892074585     
   47.320757699012759        368.09786164760590     
   16.668706494569776        536.20795595645905     
   28.896795463562015        90.138014316558838     
   85.232749146223071        330.26851367950439     
   98.864824700355527        486.92019486427307     
   80.805203139781952        398.15240633487701     
   66.202857470512413        577.67896771430969     
   86.671697354316706        484.74578177928925     
   136.41275001764296        60.178054571151733     
   75.126141822338099        302.86966729164124     
   125.96245912909507        24.941037297248840     
   94.988748484849935        97.764768481254578     
   15.215078514814380        14.351973176002502     
   102.79636775851250        521.78899109363556     
   21.719932830333704        446.14988672733307     
   124.29579129815102        482.91149413585663     
   136.87513155341148        92.875882387161255     
   127.62292625308037        320.25248503684998     
   7.6217499554157229        208.83497583866119     
   11.542124593257910        139.15795218944550     
   8.7121004939079256        435.00353932380676     
   117.82226216793060        232.10118508338928     
   70.002282583713537        377.95870065689087     
   100.09988222718239        335.75228738784790     
   113.57329473495483        401.07965958118439     
   101.03889620304108        36.384236454963684     
   106.54389992356300        435.71123993396759     
   130.53053066730499        176.30019581317902     
   38.768356680870056        411.94993090629578     
   9.2419660925865230        322.26019036769867     
   107.82312185168266        139.12641191482544     
   143.35055484771729        590.57811474800110     
   61.483199197053921        172.82107746601105     
   134.31913581490517        339.52326989173889     
   42.746119129657743        571.53399646282196     
   119.46990794539451        272.19633758068085     
   83.768470960855481        331.18389928340912     
   63.134829866886150        268.30210041999817     
   4.4035205006599369        328.88271510601044     
   95.683334881067282        363.09781312942505     
   26.107075959444046        148.07724761962891     
   103.64116494059563        460.32937514781952     
   65.940917807817470        53.798738002777100     
   7.9218230724334688        522.25473940372467     
   75.485336089134222        510.38655388355255     
   143.19759216308594        129.35456025600433     
   147.25235416889191        441.54550898075104     
   131.63322901129723        389.46498036384583     
   72.187379550933855        487.35885226726532     
   124.79676195979118        399.88895142078400     
   117.32522279024124        596.77590429782867     
   35.271899539232251        291.68797612190247     
   60.484483313560503        66.873742699623108     
   136.66037623286246        93.608054518699646     
   2.1644934654235897        245.77753615379333     
   74.221872603893303        248.60406863689423     
   33.898568034172058        601.14539849758148     
   73.575524848699587        153.73002552986145     
   125.25966171026229        267.07866787910461     
   104.74821450114250        577.54968488216400     
   149.56797869801522        82.214121341705322     
   120.53424946665763        252.95712888240814     
   87.921255958080295        554.64315676689148     
   124.96485115289687        78.304813742637634     
   45.062931978702551        64.249154090881348     
   21.108153569698331        512.01642179489136     
   29.041699016094213        8.0967006683349609     
   99.875146806240082        182.13611543178558     
   148.77624491453170        9.5413098335266113     
   108.40203915238379        236.42650854587555     
   82.065018820762631        327.75268340110779     
   42.876709234714511        513.62641108036041     
   45.140530163049704        322.74696552753448     
   15.036187225580221        180.14760696887970     
   11.188130342960363        582.41485297679901     
   70.139055526256584        16.083530664443970     
   34.105907523632055        582.78590869903564     
   131.67287243604659        525.27725934982300     
   104.12887645363807        365.96270346641541     
   107.23438527584076        120.58273983001709     
   31.891602903604507        596.79635703563690     
   122.10184000730514        297.86488234996796     
   75.491116863489154        198.22222959995270     
   9.9423153936863002        336.72260832786560     
   129.96549794673919        33.783329963684082     
   36.701653903722757        259.71622049808502     
   129.30827661752701        130.72209489345551     
   138.73115324974060        523.15946805477142     
   117.80160505771636        405.57750368118286     
   140.62614826560019        492.10808563232422     
   65.854134714603447        103.37366271018982     
   143.63788703083992        523.61502587795258     
   134.21465300917626        282.67545926570892     
   63.711254376173031        485.57035005092621     
   108.05739063620567        157.73811626434326     
   99.895187419652942        73.456689596176147     
   104.29198006391525        243.31380653381348     
   10.651581561565393        461.48883008956909     
   20.254502063989634        290.80298256874084     
   146.63111302256584        87.419558405876160     
   104.38127381801606        1.7647483348846436     
   124.75776183605194        415.07446336746216     
   71.688347727060346        44.308416485786438     
   114.17319973111152        181.77237963676453     
   59.472267043590563        205.08017611503601     
   16.584416192770007        162.40474927425385     
   77.512592005729672        482.63775038719177     
   7.4196998298168211        179.29598367214203     
   54.228104013204586        196.21961951255798     
   19.382248437404627        267.19144499301910     
   15.663977533578873        176.67788970470428     
   147.84310106039047        509.40076780319214     
   61.435988050699251        570.50669491291046     
   134.35129193067550        506.18165040016174     
   94.576472949981692        93.065303444862366     
   114.29397056102752        13.821960210800171     
   106.83239362239837        20.851673841476440     
   23.461009144783020        596.61443531513214     
   2.8788256287574825        36.244834899902344     
   16.115905427932745        97.160156846046448     
   80.043927872180944        164.77633392810822     
   47.896690797805789        146.23230302333832     
   55.066664749383932        420.45087814331055     
   15.390949863195416        10.974113821983337     
   29.241720956563952        110.20128893852234     
   24.508258515596395        212.84421479701996     
   43.569178098440176        16.871499300003052     
   149.25346704721451        576.23744440078735     
   85.504704648256308        176.81255483627319     
   86.048070633411413        208.89837932586670     
   144.52523142695426        310.93791353702545     
   43.203595495224008        320.21599304676056     
   63.166994917392742        317.66654133796692     
   92.015089565515524        467.09298789501190     
   52.965500694513324        89.327870607376099     
   67.121241140365612        582.51632726192474     
   8.7188998281955747        227.03636956214905     
   49.680814671516416        579.35677397251129     
   132.54927178025247        490.94863069057465     
   29.035542982816693        103.91684436798096     
   82.900854462385183        27.792400121688843     
   139.48044703602790        313.15760970115662     
   9.8083300888538361        121.44685006141663     
   86.439778405427930        22.114397168159485     
   139.25641745924949        157.44147980213165     
   85.451480424404139        301.89399993419647     
   36.849943721294409        600.66027390956879     
   122.17004778385163        292.37109756469727     
   59.263194215297716        280.57288193702698     
   12.756596487760547        558.45404005050659     
   90.015522396564478        388.91074705123901     
   90.090672463178635        520.33189499378204     
   103.72792122960091        92.678926110267639     
   54.201835888624203        279.37280857563019     
   138.44401763081549        26.352096796035767     
   144.21513353586198        118.28453385829926     
   27.638847142457962        457.74386203289032     
   34.843702304363248        107.98930740356445     
   34.436349809169769        47.882048010826111     
   28.816588336229330        556.36283731460571     
   145.05132656693459        203.65074503421783     
   20.788906508684164        130.10987627506256     
   99.330083221197128        287.27022063732147     
   53.682236301898968        335.25105178356171     
   55.807390123605757        591.83312344551086     
   143.62064298987389        401.23746860027313     
   2.8272632658481598        304.47567367553711     
   29.612199795246127        479.20011162757874     
   48.092227500677112        325.03810274600983     
   36.250181680917734        539.50608551502228     
   117.56045652627944        89.739257693290710     
   119.64837036728858        581.11474061012268     
   19.383803081512454        9.8808611631393433     
   9.9173249363899174        362.84753620624542     
   129.21306806802750        269.72123336791992     
   11.533779549598691        256.05561101436615     
   56.713425987958914        182.93470513820648     
   124.70481458902358        544.88849258422852     
   46.900780421495440        210.18177068233490     
   69.071944236755400        139.09092462062836     
   80.164010727405554        124.81398069858551     
   19.709411674737936        583.17479777336121     
   49.504916518926620        52.427615165710449     
   75.144797551631925        115.32925677299500     
   16.333904057741165        557.02686953544617     
   45.511777389049527        106.37992811203003     
   8.0354193091392574        601.65693223476410     
   87.085983204841611        146.26660621166229     
